coid,year,RSI
1101 台泥,2020,57.22221510856168
1101 台泥,2021,64.63779627109363
1101 台泥,2022,42.29134627493944
1101 台泥,2023,64.02532793566135
1101 台泥,2024,24.222698326974808
1101 台泥,2025,58.85664802348466
1102 亞泥,2020,55.303810458016166
1102 亞泥,2021,70.36794189235528
1102 亞泥,2022,46.00730369719468
1102 亞泥,2023,57.66087751022527
1102 亞泥,2024,25.01697421571185
1102 亞泥,2025,49.73236278916397
1103 嘉泥,2020,67.40241457323086
1103 嘉泥,2021,63.41192068880596
1103 嘉泥,2022,40.87780889958618
1103 嘉泥,2023,51.65900182464901
1103 嘉泥,2024,31.70846453236798
1103 嘉泥,2025,52.054221498900496
1104 環泥,2020,54.17622748753894
1104 環泥,2021,57.34169480469454
1104 環泥,2022,44.92474905256824
1104 環泥,2023,52.5508009514524
1104 環泥,2024,50.92738070631715
1104 環泥,2025,39.9318671098423
1108 幸福,2020,68.02614625634536
1108 幸福,2021,68.80154483974403
1108 幸福,2022,39.73720297474067
1108 幸福,2023,55.20861611864453
1108 幸福,2024,44.20440764274781
1108 幸福,2025,50.46721587345717
1109 信大,2020,48.35958404651885
1109 信大,2021,83.98360876382051
1109 信大,2022,36.50207476660673
1109 信大,2023,59.32419379712115
1109 信大,2024,14.231411668257843
1109 信大,2025,44.07499766993408
1110 東泥,2020,62.35057384912771
1110 東泥,2021,55.8152449947139
1110 東泥,2022,78.01885154880566
1110 東泥,2023,44.19918281990285
1110 東泥,2024,42.896025503600235
1110 東泥,2025,50.193867538755164
1201 味全,2020,69.86739020019695
1201 味全,2021,60.40471829054931
1201 味全,2022,48.81824311651297
1201 味全,2023,42.44873363272131
1201 味全,2024,44.361028785285384
1201 味全,2025,31.268430669741548
1203 味王,2020,46.11540690693462
1203 味王,2021,49.56564228398418
1203 味王,2022,52.8426046541972
1203 味王,2023,91.10854839970219
1203 味王,2024,34.771632129095494
1203 味王,2025,50.516715022029324
1210 大成,2020,75.25794675003048
1210 大成,2021,72.66730375496448
1210 大成,2022,60.09771993024214
1210 大成,2023,60.48693749020657
1210 大成,2024,40.46195617649928
1210 大成,2025,43.25317869320766
1213 大飲,2020,50.595167624755064
1213 大飲,2021,61.755802356890314
1213 大飲,2022,55.08900020298439
1213 大飲,2023,44.482850514615784
1213 大飲,2024,52.89662591044938
1213 大飲,2025,49.786623205679646
1215 卜蜂,2020,66.28128747310082
1215 卜蜂,2021,60.431090570459624
1215 卜蜂,2022,58.18660205939099
1215 卜蜂,2023,51.57657969853015
1215 卜蜂,2024,17.5575897355227
1215 卜蜂,2025,35.837921290024354
1216 統一,2020,66.59295414668156
1216 統一,2021,52.912711305420956
1216 統一,2022,71.27850789196157
1216 統一,2023,65.10664860680522
1216 統一,2024,32.467230644774794
1216 統一,2025,50.23851654279677
1217 愛之味,2020,79.37314328907078
1217 愛之味,2021,80.67369860073524
1217 愛之味,2022,50.43536920737477
1217 愛之味,2023,70.28475754779393
1217 愛之味,2024,42.57517203811939
1217 愛之味,2025,45.236742082745266
1218 泰山,2020,69.20849053909343
1218 泰山,2021,60.88884833790132
1218 泰山,2022,31.15105460903782
1218 泰山,2023,64.15566286373038
1218 泰山,2024,26.43918738826454
1218 泰山,2025,51.18355326318825
1219 福壽,2020,63.74289224606615
1219 福壽,2021,70.4429223446722
1219 福壽,2022,40.44953200312066
1219 福壽,2023,43.86836182379146
1219 福壽,2024,19.004889313854626
1219 福壽,2025,41.28367942617944
1220 台榮,2020,56.09782770136904
1220 台榮,2021,60.717107410467065
1220 台榮,2022,64.26719866545231
1220 台榮,2023,53.08771464030264
1220 台榮,2024,48.25174951982142
1220 台榮,2025,40.57792743023007
1225 福懋油,2020,63.42690771504302
1225 福懋油,2021,84.40441010956819
1225 福懋油,2022,64.43898170944775
1225 福懋油,2023,54.790274315714505
1225 福懋油,2024,13.886348164830789
1225 福懋油,2025,22.797037166299873
1227 佳格,2020,62.208005058499126
1227 佳格,2021,50.68777799645887
1227 佳格,2022,55.75507227835287
1227 佳格,2023,48.788361757135334
1227 佳格,2024,30.647227118146013
1227 佳格,2025,39.70774123067517
1229 聯華,2020,70.75009800138724
1229 聯華,2021,83.5828061077216
1229 聯華,2022,65.11083828439071
1229 聯華,2023,57.60123694162931
1229 聯華,2024,24.93480378753163
1229 聯華,2025,49.2092099780883
1231 聯華食,2020,83.44924334288008
1231 聯華食,2021,59.97388557404386
1231 聯華食,2022,65.77368535325387
1231 聯華食,2023,36.99929608546371
1231 聯華食,2024,78.72157765706757
1231 聯華食,2025,42.64287070562311
1232 大統益,2020,76.39425496884195
1232 大統益,2021,59.7162013391218
1232 大統益,2022,44.875353212437034
1232 大統益,2023,40.44902959027654
1232 大統益,2024,62.17491901781674
1232 大統益,2025,46.89880872514138
1233 天仁,2020,60.74723276629872
1233 天仁,2021,61.56359269698655
1233 天仁,2022,56.18034091087139
1233 天仁,2023,43.39519969893607
1233 天仁,2024,45.11019309914939
1233 天仁,2025,58.20443877897487
1234 黑松,2020,38.99227037346194
1234 黑松,2021,80.42522445294841
1234 黑松,2022,34.6081454392465
1234 黑松,2023,73.75871515237988
1234 黑松,2024,36.79895968355521
1234 黑松,2025,53.90910644548976
1235 興泰,2020,62.058196766911934
1235 興泰,2021,60.428318560658546
1235 興泰,2022,51.04480797535216
1235 興泰,2023,36.17423013405135
1235 興泰,2024,9.86202493637708
1235 興泰,2025,34.286524138496624
1236 宏亞,2020,63.44073558737554
1236 宏亞,2021,68.1138702025733
1236 宏亞,2022,68.7441403880783
1236 宏亞,2023,41.49775241750556
1236 宏亞,2024,37.871868765272595
1236 宏亞,2025,51.18699988058491
1240 茂生農經,2020,43.03658466092447
1256 鮮活果汁-KY,2020,38.590201580171296
1256 鮮活果汁-KY,2021,43.08486260773458
1256 鮮活果汁-KY,2022,57.90186562626467
1256 鮮活果汁-KY,2023,32.37468652890373
1256 鮮活果汁-KY,2024,36.40276883331478
1256 鮮活果汁-KY,2025,65.7693303752464
1259 安心,2020,61.03547659802621
1264 德麥,2020,42.19896685446364
1268 漢來美食,2020,45.86014690949534
1301 台塑,2020,80.03884533036329
1301 台塑,2021,49.6593215006979
1301 台塑,2022,49.0293464264532
1301 台塑,2023,44.028955820125475
1301 台塑,2024,23.29253785022244
1301 台塑,2025,40.74471734154809
1303 南亞,2020,70.53765382765688
1303 南亞,2021,55.661257659208374
1303 南亞,2022,42.35537758395903
1303 南亞,2023,48.535466664677955
1303 南亞,2024,11.772169692824566
1303 南亞,2025,56.58536548072909
1304 台聚,2020,80.0898104503314
1304 台聚,2021,53.980658611825994
1304 台聚,2022,60.15919858712383
1304 台聚,2023,44.84623459852687
1304 台聚,2024,26.224783790758188
1304 台聚,2025,48.35347828314669
1305 華夏,2020,73.24981844685414
1305 華夏,2021,60.74228029045429
1305 華夏,2022,59.81695864471158
1305 華夏,2023,37.47216995446907
1305 華夏,2024,26.689380547434478
1305 華夏,2025,44.10578415327723
1307 三芳,2020,57.72428761703499
1307 三芳,2021,59.392641925651304
1307 三芳,2022,33.202825410799704
1307 三芳,2023,36.938097951391406
1307 三芳,2024,34.10909301162891
1307 三芳,2025,45.12590352460082
1308 亞聚,2020,81.92036391848264
1308 亞聚,2021,47.199337677194144
1308 亞聚,2022,51.40736145913161
1308 亞聚,2023,34.874627682549054
1308 亞聚,2024,23.442813771955176
1308 亞聚,2025,47.129304011377116
1309 台達化,2020,85.21977316332566
1309 台達化,2021,74.22080679608995
1309 台達化,2022,59.24212608110294
1309 台達化,2023,39.44289254034499
1309 台達化,2024,11.58269019457298
1309 台達化,2025,46.281390338811136
1310 台苯,2020,57.54612026550105
1310 台苯,2021,62.53043315960419
1310 台苯,2022,48.49742275243279
1310 台苯,2023,37.37282298518057
1310 台苯,2024,10.192470267146545
1310 台苯,2025,53.79233115277346
1312 國喬,2020,77.16450152787051
1312 國喬,2021,62.229355430285096
1312 國喬,2022,51.389301047961524
1312 國喬,2023,49.962896816167216
1312 國喬,2024,31.46172283989906
1312 國喬,2025,56.90510526986363
1313 聯成,2020,71.51734252581862
1313 聯成,2021,65.7051766729172
1313 聯成,2022,46.437344117878915
1313 聯成,2023,37.296192668162746
1313 聯成,2024,26.48010236449893
1313 聯成,2025,39.780288376649345
1314 中石化,2020,82.14134107978882
1314 中石化,2021,78.59653123290856
1314 中石化,2022,44.8116123959574
1314 中石化,2023,48.5760621800521
1314 中石化,2024,28.938767936691956
1314 中石化,2025,43.73454419974566
1315 達新,2020,74.23018201941326
1315 達新,2021,34.80186166407311
1315 達新,2022,47.61722604492375
1315 達新,2023,78.95889492835494
1315 達新,2024,48.89224356422647
1315 達新,2025,51.379246392195085
1316 上曜,2020,54.67074656016322
1316 上曜,2021,68.86580395482443
1316 上曜,2022,39.7764436300518
1316 上曜,2023,51.937857068093706
1316 上曜,2024,73.88205728126844
1316 上曜,2025,48.36411161260191
1319 東陽,2020,64.5343568265647
1319 東陽,2021,61.03395815230957
1319 東陽,2022,48.18798013773691
1319 東陽,2023,34.722288452769625
1319 東陽,2024,44.69499169443411
1319 東陽,2025,55.540169282321614
1321 大洋,2020,63.84901162381929
1321 大洋,2021,61.460519895288066
1321 大洋,2022,37.80963356190586
1321 大洋,2023,30.876353350190218
1321 大洋,2024,41.071228061832635
1321 大洋,2025,44.22721821321244
1323 永裕,2020,61.30593979789387
1323 永裕,2021,54.74354052283357
1323 永裕,2022,46.77618833044322
1323 永裕,2023,76.16163346162946
1323 永裕,2024,20.025319902370033
1323 永裕,2025,35.611425616607534
1324 地球,2020,63.53990446828763
1324 地球,2021,55.79439614888756
1324 地球,2022,75.1950760563651
1324 地球,2023,39.57319245952511
1324 地球,2024,54.48567781212531
1324 地球,2025,38.79093485740265
1325 恒大,2020,43.52424577436961
1325 恒大,2021,58.546416928079815
1325 恒大,2022,55.526164045966794
1325 恒大,2023,52.978523930863474
1325 恒大,2024,61.613685834206464
1325 恒大,2025,35.502218631206375
1326 台化,2020,80.04201038007567
1326 台化,2021,63.459751516330186
1326 台化,2022,49.915171316918446
1326 台化,2023,44.3946980998521
1326 台化,2024,16.405150818805268
1326 台化,2025,48.38552480563062
1336 台翰,2020,62.100365701805735
1337 再生-KY,2020,59.21438544408842
1337 再生-KY,2021,67.0839021876626
1337 再生-KY,2022,51.02217636254942
1337 再生-KY,2023,61.71128866443999
1337 再生-KY,2024,23.14555681155899
1337 再生-KY,2025,35.186985418949014
1338 廣華-KY,2020,77.79339383849455
1338 廣華-KY,2021,70.27730865887345
1338 廣華-KY,2022,22.56402616330192
1338 廣華-KY,2023,47.259806435351074
1338 廣華-KY,2024,32.01235540710499
1338 廣華-KY,2025,50.789500568134216
1339 昭輝,2020,55.5801844194775
1339 昭輝,2021,45.88645613888906
1339 昭輝,2022,56.207109239337036
1339 昭輝,2023,29.89876961000897
1339 昭輝,2024,43.9002122201178
1339 昭輝,2025,43.114734028892364
1340 勝悅-KY,2020,63.00542027361804
1340 勝悅-KY,2021,70.80123004139712
1340 勝悅-KY,2022,29.407621562964582
1340 勝悅-KY,2023,51.79004290708797
1340 勝悅-KY,2024,11.434104871993267
1340 勝悅-KY,2025,51.15318196482037
1341 富林-KY,2020,45.27247102992348
1341 富林-KY,2021,63.462902414463564
1341 富林-KY,2022,31.39314248717195
1341 富林-KY,2023,70.91658429990856
1341 富林-KY,2024,38.96080553006413
1341 富林-KY,2025,61.169966994755285
1342 八貫,2020,49.90223396255553
1342 八貫,2021,84.54053616437298
1342 八貫,2022,56.407174084173015
1342 八貫,2023,50.67929215833825
1342 八貫,2024,33.46022001319968
1342 八貫,2025,61.139023770199884
1402 遠東新,2020,72.72378908481284
1402 遠東新,2021,78.83208035529563
1402 遠東新,2022,48.553694362411484
1402 遠東新,2023,50.96429561371919
1402 遠東新,2024,35.04082017358019
1402 遠東新,2025,45.93635332697574
1409 新纖,2020,65.81231926219253
1409 新纖,2021,70.02319790475674
1409 新纖,2022,42.13827358756804
1409 新纖,2023,53.40401590453241
1409 新纖,2024,22.27779743939618
1409 新纖,2025,46.44099850910457
1410 南染,2020,57.01833866612864
1410 南染,2021,34.05965052661827
1410 南染,2022,43.29524393084173
1410 南染,2023,78.79061621706191
1410 南染,2024,24.978702675300614
1410 南染,2025,50.15998427496808
1413 宏洲,2020,62.34522999376383
1413 宏洲,2021,70.17689494772671
1413 宏洲,2022,50.08988077402049
1413 宏洲,2023,65.06532586054074
1413 宏洲,2024,55.500001719124135
1413 宏洲,2025,45.58298738330505
1414 東和,2020,50.21798793629031
1414 東和,2021,48.38693679837502
1414 東和,2022,29.01902857003982
1414 東和,2023,56.53139670784386
1414 東和,2024,60.45870022063734
1414 東和,2025,53.55768988650046
1416 廣豐,2020,55.31026777270952
1416 廣豐,2021,71.0677784025177
1416 廣豐,2022,16.2678666755934
1416 廣豐,2023,59.19651764085339
1416 廣豐,2024,45.17746256465271
1416 廣豐,2025,58.722032586898756
1417 嘉裕,2020,56.276137442564774
1417 嘉裕,2021,70.76404400235161
1417 嘉裕,2022,46.73800608779642
1417 嘉裕,2023,43.83366945945188
1417 嘉裕,2024,21.198007285152574
1417 嘉裕,2025,54.74677800460709
1418 東華,2020,45.623008869528256
1418 東華,2021,58.661543414057995
1418 東華,2022,42.455285610355794
1418 東華,2023,38.025384704408864
1418 東華,2024,46.52808517680239
1418 東華,2025,51.00723615763224
1419 新紡,2020,47.32916662925616
1419 新紡,2021,48.57062392651644
1419 新紡,2022,52.341755466999054
1419 新紡,2023,70.47050721140874
1419 新紡,2024,38.24520661374336
1419 新紡,2025,42.4613974171212
1423 利華,2020,76.64506713601764
1423 利華,2021,67.25766100018522
1423 利華,2022,56.696909845172485
1423 利華,2023,56.752644678076955
1423 利華,2024,46.39327659066174
1423 利華,2025,42.79609348152665
1432 大魯閣,2020,34.62841902123719
1432 大魯閣,2021,23.69706899690828
1432 大魯閣,2022,55.29988145395951
1432 大魯閣,2023,57.34230251913501
1432 大魯閣,2024,77.68870415603784
1432 大魯閣,2025,54.66617580361902
1434 福懋,2020,69.765314924988
1434 福懋,2021,59.380308936402116
1434 福懋,2022,66.62983334922498
1434 福懋,2023,43.03846744798201
1434 福懋,2024,22.798931772353207
1434 福懋,2025,49.82168640717361
1435 中福,2020,47.24576006299337
1435 中福,2021,62.756492733334426
1435 中福,2022,23.28924844502658
1435 中福,2023,76.5115769341865
1435 中福,2024,51.71881777694844
1435 中福,2025,34.7164123345627
1436 華友聯,2020,46.63794203170536
1436 華友聯,2021,51.6058112524599
1436 華友聯,2022,54.454385025477535
1436 華友聯,2023,89.9037700733482
1436 華友聯,2024,50.83062752008984
1436 華友聯,2025,56.044943162928874
1437 勤益控,2020,83.01347040736256
1437 勤益控,2021,67.67206394460112
1437 勤益控,2022,54.00739823863548
1437 勤益控,2023,89.29658832625098
1437 勤益控,2024,47.35760297374284
1437 勤益控,2025,73.78369878591751
1438 三地開發,2020,34.268658015823846
1438 三地開發,2021,44.338919850388486
1438 三地開發,2022,47.72618925074828
1438 三地開發,2023,80.38272034258625
1438 三地開發,2024,51.70023063108761
1438 三地開發,2025,43.60545527989122
1439 雋揚,2020,57.13685645403914
1439 雋揚,2021,43.5484624962783
1439 雋揚,2022,33.17352827436453
1439 雋揚,2023,54.78478363072258
1439 雋揚,2024,66.87605969175877
1439 雋揚,2025,61.044553159806966
1440 南紡,2020,48.05885889716109
1440 南紡,2021,53.33610365584853
1440 南紡,2022,37.37803233829837
1440 南紡,2023,45.04323117836762
1440 南紡,2024,18.717903730577063
1440 南紡,2025,40.8159703623908
1441 大東,2020,56.515638257563175
1441 大東,2021,53.815074614701416
1441 大東,2022,48.55327993220573
1441 大東,2023,44.077205045552724
1441 大東,2024,53.36574259816839
1441 大東,2025,36.136590967801126
1442 名軒,2020,57.63290802452704
1442 名軒,2021,57.58134073109272
1442 名軒,2022,31.235456375281068
1442 名軒,2023,61.39457006555015
1442 名軒,2024,61.76450423919996
1442 名軒,2025,36.35716247492134
1443 立益物流,2020,74.55398389999597
1443 立益物流,2021,51.550233305770064
1443 立益物流,2022,52.069746665590365
1443 立益物流,2023,65.3429674607768
1443 立益物流,2024,34.697658441211985
1443 立益物流,2025,49.56386576603355
1444 力麗,2020,60.11706853888005
1444 力麗,2021,64.9004757677934
1444 力麗,2022,37.01961925501513
1444 力麗,2023,36.6649342892704
1444 力麗,2024,20.778218818145625
1444 力麗,2025,40.85243349337099
1445 大宇,2020,55.58348326463225
1445 大宇,2021,54.702610913134244
1445 大宇,2022,66.90221225716468
1445 大宇,2023,45.569192134843895
1445 大宇,2024,40.936260182879444
1445 大宇,2025,36.89925094783757
1446 宏和,2020,73.99258416507222
1446 宏和,2021,69.91208270258507
1446 宏和,2022,60.842217316210466
1446 宏和,2023,33.25286877952269
1446 宏和,2024,35.73946682010563
1446 宏和,2025,53.154210438762604
1447 力鵬,2020,63.12149291852022
1447 力鵬,2021,55.80779669867412
1447 力鵬,2022,38.11942974917249
1447 力鵬,2023,32.822849183536
1447 力鵬,2024,26.369637238238596
1447 力鵬,2025,39.340723350480346
1449 佳和,2020,48.31929850974615
1449 佳和,2021,66.91665482187284
1449 佳和,2022,48.24008265403657
1449 佳和,2023,33.42263733154594
1449 佳和,2024,50.848395126284714
1449 佳和,2025,56.33139675217643
1451 年興,2020,58.0388887552852
1451 年興,2021,53.76875705488724
1451 年興,2022,39.90531803780388
1451 年興,2023,42.120758283786834
1451 年興,2024,19.03712687834148
1451 年興,2025,47.888857409821256
1452 宏益,2020,51.12226474081562
1452 宏益,2021,61.57617668321635
1452 宏益,2022,49.75687548597214
1452 宏益,2023,72.0670154702327
1452 宏益,2024,22.155224177653306
1452 宏益,2025,42.83392162015605
1453 大將,2020,51.91530854716573
1453 大將,2021,41.43382003182649
1453 大將,2022,25.723490141130075
1453 大將,2023,52.80907271753361
1453 大將,2024,40.0508226306713
1453 大將,2025,49.23555728410686
1454 台富,2020,69.92213301979653
1454 台富,2021,68.3297370520208
1454 台富,2022,71.97282359269246
1454 台富,2023,37.18633864413279
1454 台富,2024,26.982115125995172
1454 台富,2025,44.11043825276222
1455 集盛,2020,60.04970329159267
1455 集盛,2021,43.98451148919285
1455 集盛,2022,43.15766574775509
1455 集盛,2023,33.717160932358716
1455 集盛,2024,47.09047657363164
1455 集盛,2025,39.07017938326476
1456 怡華,2020,56.58371974372497
1456 怡華,2021,46.48250296338238
1456 怡華,2022,42.59466277603921
1456 怡華,2023,62.65587419959182
1456 怡華,2024,36.798452074956735
1456 怡華,2025,58.01866136917646
1457 宜進,2020,74.7544271657875
1457 宜進,2021,75.81057674553097
1457 宜進,2022,49.08163508067278
1457 宜進,2023,35.91843128600314
1457 宜進,2024,50.74495138804102
1457 宜進,2025,43.7266543072855
1459 聯發,2020,60.70210150706158
1459 聯發,2021,45.5991398180261
1459 聯發,2022,38.108249845642376
1459 聯發,2023,57.90131644620207
1459 聯發,2024,78.46094997365951
1459 聯發,2025,70.9184655933995
1460 宏遠,2020,59.69261226595527
1460 宏遠,2021,69.27821424367492
1460 宏遠,2022,37.91807031399237
1460 宏遠,2023,32.5303470551857
1460 宏遠,2024,80.20653365185908
1460 宏遠,2025,71.27005285564186
1463 強盛新,2020,85.10623289338012
1463 強盛新,2021,34.70970929779128
1463 強盛新,2022,42.68019652318865
1463 強盛新,2023,64.40141823246437
1463 強盛新,2024,47.38810873325026
1463 強盛新,2025,33.17112449060012
1464 得力,2020,60.658132151979
1464 得力,2021,54.09974735326816
1464 得力,2022,44.45410194289547
1464 得力,2023,58.295619167414316
1464 得力,2024,50.31183271849798
1464 得力,2025,44.18124063243464
1465 偉全,2020,88.21452900786531
1465 偉全,2021,53.77779512010418
1465 偉全,2022,44.52706526446442
1465 偉全,2023,43.85595968658069
1465 偉全,2024,43.963172203725456
1465 偉全,2025,38.01503946750469
1466 聚隆,2020,60.825041745037055
1466 聚隆,2021,51.509271668066006
1466 聚隆,2022,53.04804616407438
1466 聚隆,2023,44.9519787721781
1466 聚隆,2024,24.316004249669646
1466 聚隆,2025,45.217329662310384
1467 南緯,2020,53.77086960139762
1467 南緯,2021,75.09517413506566
1467 南緯,2022,33.19858909631948
1467 南緯,2023,64.01477275222683
1467 南緯,2024,30.599617895268565
1467 南緯,2025,62.87267109003961
1468 昶和,2020,61.222490358323476
1468 昶和,2021,64.24296563204386
1468 昶和,2022,56.77989057344006
1468 昶和,2023,80.80147886026326
1468 昶和,2024,34.671297055346194
1468 昶和,2025,58.65787144111203
1470 大統新創,2020,45.945141757437845
1470 大統新創,2021,36.4747240119421
1470 大統新創,2022,47.341020013127576
1470 大統新創,2023,47.38927023308276
1470 大統新創,2024,79.21349579086446
1470 大統新創,2025,50.958508072134954
1471 首利,2020,69.79644366832048
1471 首利,2021,61.390190162084735
1471 首利,2022,31.248275946555676
1471 首利,2023,34.0065552782661
1471 首利,2024,32.70233715657505
1471 首利,2025,48.31081229407999
1472 三洋實業,2020,68.56452544303043
1472 三洋實業,2021,61.125806782354665
1472 三洋實業,2022,61.329331253113274
1472 三洋實業,2023,36.37539068097678
1472 三洋實業,2024,48.242044252657465
1472 三洋實業,2025,28.044462255275754
1473 台南,2020,77.5189247432101
1473 台南,2021,71.03577081135582
1473 台南,2022,53.25126917311708
1473 台南,2023,52.33055005372762
1473 台南,2024,54.54800278722946
1473 台南,2025,48.09100564307836
1474 弘裕,2020,62.57311369131331
1474 弘裕,2021,62.4366653374839
1474 弘裕,2022,45.07001194694648
1474 弘裕,2023,49.49428177416973
1474 弘裕,2024,32.03640625464429
1474 弘裕,2025,30.151971252279807
1475 業旺,2020,81.53574762435751
1475 業旺,2021,58.43816535442783
1475 業旺,2022,37.73416765214827
1475 業旺,2023,50.234109798754545
1475 業旺,2024,39.08459584176771
1475 業旺,2025,24.635109429175433
1476 儒鴻,2020,78.44394599473685
1476 儒鴻,2021,69.92474889561922
1476 儒鴻,2022,62.77653047447276
1476 儒鴻,2023,47.96858910633702
1476 儒鴻,2024,45.49935460107599
1476 儒鴻,2025,37.08181408880576
1477 聚陽,2020,56.543843366698496
1477 聚陽,2021,50.645713460231754
1477 聚陽,2022,42.34126680628898
1477 聚陽,2023,61.396160126001874
1477 聚陽,2024,65.07753241922518
1477 聚陽,2025,41.76625873957281
1503 士電,2020,55.86518600263355
1503 士電,2021,53.67612676951988
1503 士電,2022,57.65105209700471
1503 士電,2023,50.22985935113585
1503 士電,2024,43.87358532615331
1503 士電,2025,48.279711341014774
1504 東元,2020,46.89711051348354
1504 東元,2021,65.8034586362816
1504 東元,2022,47.59356558211929
1504 東元,2023,60.333319442377245
1504 東元,2024,48.30016319929856
1504 東元,2025,40.84420294139147
1506 正道,2020,43.81852163466824
1506 正道,2021,40.41495006106041
1506 正道,2022,43.51131896060161
1506 正道,2023,52.63943728274799
1506 正道,2024,52.06824153175547
1506 正道,2025,43.17596419309681
1512 瑞利,2020,75.72478128589123
1512 瑞利,2021,78.68374386459514
1512 瑞利,2022,55.873778160179256
1512 瑞利,2023,40.4358872682443
1512 瑞利,2024,67.92264499338656
1512 瑞利,2025,44.807015653316725
1513 中興電,2020,40.80307451253875
1513 中興電,2021,70.14861600152949
1513 中興電,2022,64.0268098834856
1513 中興電,2023,42.05614907924837
1513 中興電,2024,53.96516965637878
1513 中興電,2025,49.66123704615916
1514 亞力,2020,44.73579355333986
1514 亞力,2021,74.79356069055244
1514 亞力,2022,45.04273314338862
1514 亞力,2023,33.77221367632171
1514 亞力,2024,45.04527942316254
1514 亞力,2025,49.19380724339379
1515 力山,2020,39.095639694213766
1515 力山,2021,33.74976037309567
1515 力山,2022,25.371290035015804
1515 力山,2023,40.373527253975034
1515 力山,2024,39.9549283535488
1515 力山,2025,42.30040027120447
1516 川飛,2020,88.31090884008732
1516 川飛,2021,32.88807586656584
1516 川飛,2022,35.64226193053874
1516 川飛,2023,53.78886452307998
1516 川飛,2024,40.63850201252898
1516 川飛,2025,69.08616508007867
1517 利奇,2020,59.281878442029814
1517 利奇,2021,47.57257016506527
1517 利奇,2022,29.74785336419278
1517 利奇,2023,45.12881325053477
1517 利奇,2024,30.650949999241373
1517 利奇,2025,40.73807244472616
1519 華城,2020,43.40768376211109
1519 華城,2021,69.84443267707474
1519 華城,2022,50.4503094910645
1519 華城,2023,48.88625451125646
1519 華城,2024,63.771464091700544
1519 華城,2025,53.113998120862995
1521 大億,2020,59.76604590007402
1521 大億,2021,37.26539131054759
1521 大億,2022,36.005635132878695
1521 大億,2023,58.566252273141494
1521 大億,2024,25.56811381784916
1521 大億,2025,38.38446672607169
1522 堤維西,2020,74.12920106156265
1522 堤維西,2021,66.14433913602966
1522 堤維西,2022,55.552997154049486
1522 堤維西,2023,43.740344939731465
1522 堤維西,2024,51.74453995467053
1522 堤維西,2025,42.497085166271624
1524 耿鼎,2020,73.44761071757638
1524 耿鼎,2021,69.52255584306558
1524 耿鼎,2022,60.767508206570895
1524 耿鼎,2023,50.64987242562267
1524 耿鼎,2024,41.81358078139926
1524 耿鼎,2025,39.394258893030994
1525 江申,2020,66.02149084078181
1525 江申,2021,69.46579969166939
1525 江申,2022,41.635511872955554
1525 江申,2023,37.1619870464054
1525 江申,2024,26.625944453476574
1525 江申,2025,50.873556705788594
1526 日馳,2020,36.47717176157453
1526 日馳,2021,58.32273690814655
1526 日馳,2022,21.988475776294884
1526 日馳,2023,48.68505625095511
1526 日馳,2024,59.24845181181075
1526 日馳,2025,44.35825975173919
1527 鑽全,2020,47.774761993992385
1527 鑽全,2021,79.4475213944116
1527 鑽全,2022,39.4164936941977
1527 鑽全,2023,53.09441056331913
1527 鑽全,2024,28.599472796345243
1527 鑽全,2025,44.77572481426588
1528 恩德,2020,69.24962470389208
1528 恩德,2021,58.64949772736697
1528 恩德,2022,51.02342311664816
1528 恩德,2023,36.662136664469905
1528 恩德,2024,26.432820721686547
1528 恩德,2025,86.07163962469791
1529 樂事綠能,2020,54.5452134373477
1529 樂事綠能,2021,74.81971013054046
1529 樂事綠能,2022,53.654375987279124
1529 樂事綠能,2023,49.95742147929865
1529 樂事綠能,2024,55.37498964634319
1529 樂事綠能,2025,45.06440194004964
1530 亞崴,2020,92.76678182061495
1530 亞崴,2021,56.02021980416547
1530 亞崴,2022,68.61615241055681
1530 亞崴,2023,47.20109099700718
1530 亞崴,2024,77.72198722592901
1530 亞崴,2025,53.18005534483338
1531 高林股,2020,52.613603927718025
1531 高林股,2021,62.34660276615954
1531 高林股,2022,54.96827199977987
1531 高林股,2023,42.7885710768041
1531 高林股,2024,41.450860474211964
1531 高林股,2025,66.75570312064306
1532 勤美,2020,50.94350656975575
1532 勤美,2021,71.16302074453995
1532 勤美,2022,49.44853525757175
1532 勤美,2023,77.69520592418718
1532 勤美,2024,27.082700435237868
1532 勤美,2025,38.202077702241674
1533 車王電,2020,75.6582544142361
1533 車王電,2021,52.69730040959916
1533 車王電,2022,30.26545406424235
1533 車王電,2023,43.6999960852577
1533 車王電,2024,49.25433712039193
1533 車王電,2025,52.190668516285236
1535 中宇,2020,75.34715483939168
1535 中宇,2021,65.09691294498604
1535 中宇,2022,45.83757043768658
1535 中宇,2023,60.03002610424599
1535 中宇,2024,26.567264159831005
1535 中宇,2025,45.554429985471266
1536 和大,2020,48.43241782948341
1536 和大,2021,57.21279201664121
1536 和大,2022,20.64198518662746
1536 和大,2023,39.63273208918394
1536 和大,2024,61.383017629144184
1536 和大,2025,37.6521620686826
1537 廣隆,2020,45.258632250085526
1537 廣隆,2021,54.186437900892834
1537 廣隆,2022,53.94690859116742
1537 廣隆,2023,58.61285167764483
1537 廣隆,2024,44.57217917627208
1537 廣隆,2025,51.769985143987206
1538 正峰,2020,81.97811635527307
1538 正峰,2021,44.20813503963002
1538 正峰,2022,57.87448709727067
1538 正峰,2023,68.28374578535497
1538 正峰,2024,22.01514862984122
1538 正峰,2025,45.00557102111232
1539 巨庭,2020,39.870342734057566
1539 巨庭,2021,46.36061377495084
1539 巨庭,2022,35.59038821361575
1539 巨庭,2023,52.52038416658519
1539 巨庭,2024,39.67303981229633
1539 巨庭,2025,55.37501464530929
1540 喬福,2020,67.95703680815592
1540 喬福,2021,43.6553153747093
1540 喬福,2022,30.755153662420227
1540 喬福,2023,38.451420866227984
1540 喬福,2024,46.73311118756047
1540 喬福,2025,51.15791265703565
1541 錩泰,2020,39.05941191510831
1541 錩泰,2021,56.88671939790303
1541 錩泰,2022,41.700547374198436
1541 錩泰,2023,55.77060334392168
1541 錩泰,2024,44.63197941409007
1541 錩泰,2025,40.7981868234213
1558 伸興,2020,57.47785531755645
1558 伸興,2021,67.33735905139143
1558 伸興,2022,45.85477687649935
1558 伸興,2023,48.411161908879215
1558 伸興,2024,84.02525622201888
1558 伸興,2025,57.28372584018834
1560 中砂,2020,61.21728971472899
1560 中砂,2021,89.11570327659717
1560 中砂,2022,32.07263110106701
1560 中砂,2023,72.63673895582502
1560 中砂,2024,38.64252548819756
1560 中砂,2025,75.14220969523956
1563 巧新,2020,39.94543082590838
1563 巧新,2021,81.11275561306222
1563 巧新,2022,18.421444008157366
1563 巧新,2023,61.6015774254547
1563 巧新,2024,73.57072654862355
1563 巧新,2025,79.18800413676288
1565 精華,2020,46.138282315675035
1568 倉佑,2020,48.922410903745984
1568 倉佑,2021,75.51945455140195
1568 倉佑,2022,35.94652769157897
1568 倉佑,2023,31.215793163474466
1568 倉佑,2024,52.96047769553125
1568 倉佑,2025,63.73915358972976
1569 濱川,2020,41.272794839069086
1570 力肯,2020,54.50756809442836
1580 新麥,2020,48.2068272637733
1582 信錦,2020,70.21351285976519
1582 信錦,2021,64.34784176986032
1582 信錦,2022,60.38171593490309
1582 信錦,2023,40.195035765696794
1582 信錦,2024,46.277581966108876
1582 信錦,2025,50.482546533592235
1583 程泰,2020,65.67060574029786
1583 程泰,2021,64.48184968848688
1583 程泰,2022,51.13894117283492
1583 程泰,2023,71.71690820314187
1583 程泰,2024,90.50365977422751
1583 程泰,2025,37.929059058576755
1584 精剛,2020,54.661719805212215
1586 和勤,2020,58.17331551110012
1587 吉茂,2020,34.27418270038392
1587 吉茂,2021,65.54365300795125
1587 吉茂,2022,48.16558211499531
1587 吉茂,2023,56.04440691108381
1587 吉茂,2024,39.91152347702628
1587 吉茂,2025,53.573221713500864
1589 永冠-KY,2020,51.209279373643035
1589 永冠-KY,2021,84.7737897602042
1589 永冠-KY,2022,55.419171337765846
1589 永冠-KY,2023,81.21153310086679
1589 永冠-KY,2024,24.605140666588667
1589 永冠-KY,2025,39.8689889429242
1590 亞德客-KY,2020,63.36857562218244
1590 亞德客-KY,2021,83.98361354888556
1590 亞德客-KY,2022,53.71324895850237
1590 亞德客-KY,2023,45.1465142809924
1590 亞德客-KY,2024,55.8567318167546
1590 亞德客-KY,2025,51.18548332562859
1591 駿吉-KY,2020,53.96826049597435
1593 祺驊,2020,82.7195868219852
1595 川寶,2020,63.130013184388865
1597 直得,2020,37.0052554157366
1597 直得,2021,66.28312679782556
1597 直得,2022,31.41112631244665
1597 直得,2023,43.49877359056613
1597 直得,2024,79.62329868797215
1597 直得,2025,45.706445820242756
1598 岱宇,2020,57.083697636745576
1598 岱宇,2021,37.005092856448776
1598 岱宇,2022,33.87521921960268
1598 岱宇,2023,33.607108270756584
1598 岱宇,2024,49.692939949640866
1598 岱宇,2025,37.48243887277553
1599 宏佳騰,2020,74.89889533873082
1603 華電,2020,50.876741548039874
1603 華電,2021,50.73927655907894
1603 華電,2022,42.54313581585728
1603 華電,2023,50.081323546645606
1603 華電,2024,45.26651319642032
1603 華電,2025,43.69726433257586
1604 聲寶,2020,63.40593819524819
1604 聲寶,2021,69.17599011668823
1604 聲寶,2022,73.56109277361989
1604 聲寶,2023,72.42718012538005
1604 聲寶,2024,47.259068025159195
1604 聲寶,2025,39.684033967374006
1605 華新,2020,51.4488699330453
1605 華新,2021,58.08975654429922
1605 華新,2022,50.64735381267329
1605 華新,2023,51.90348316543011
1605 華新,2024,27.364835529782894
1605 華新,2025,55.65746112623622
1608 華榮,2020,57.76957862767746
1608 華榮,2021,64.76413845288747
1608 華榮,2022,36.9201973280015
1608 華榮,2023,47.284714689896305
1608 華榮,2024,38.349933961979765
1608 華榮,2025,58.55883960099707
1609 大亞,2020,48.047343522760706
1609 大亞,2021,55.629920098490196
1609 大亞,2022,49.71079115711505
1609 大亞,2023,53.85675806430944
1609 大亞,2024,60.041699540597406
1609 大亞,2025,45.30796822596279
1611 中電,2020,76.22759665311976
1611 中電,2021,66.48913214414316
1611 中電,2022,35.08217361395139
1611 中電,2023,38.01581479429807
1611 中電,2024,33.898993218282044
1611 中電,2025,56.80206311721435
1612 宏泰,2020,46.667702676275354
1612 宏泰,2021,53.23355259444188
1612 宏泰,2022,44.64393400181345
1612 宏泰,2023,62.65243901618056
1612 宏泰,2024,42.10952445859248
1612 宏泰,2025,42.992619266897044
1614 三洋電,2020,60.94456857732631
1614 三洋電,2021,61.12687749836701
1614 三洋電,2022,43.421955519469414
1614 三洋電,2023,53.2549853512052
1614 三洋電,2024,49.03147216660435
1614 三洋電,2025,50.42410793252545
1615 大山,2020,67.57873656510375
1615 大山,2021,60.06103754334894
1615 大山,2022,64.17787787941344
1615 大山,2023,69.57409498408508
1615 大山,2024,29.34203110866787
1615 大山,2025,58.295371752826476
1616 億泰,2020,54.53810642498067
1616 億泰,2021,60.47042967825851
1616 億泰,2022,35.99428190656225
1616 億泰,2023,50.53214041959243
1616 億泰,2024,46.6437146737967
1616 億泰,2025,45.509695914526475
1617 榮星,2020,69.38680388730543
1617 榮星,2021,50.056566368957824
1617 榮星,2022,45.104050822693324
1617 榮星,2023,48.626671612272766
1617 榮星,2024,47.96325542991381
1617 榮星,2025,56.574005292439
1618 合機,2020,54.710063679483426
1618 合機,2021,53.33897219556395
1618 合機,2022,53.7718978343379
1618 合機,2023,55.447184050649135
1618 合機,2024,72.98598881225686
1618 合機,2025,49.645526578731655
1623 大東電,2024,57.02842926351516
1623 大東電,2025,67.38578672360063
1626 艾美特-KY,2020,47.3230806332064
1626 艾美特-KY,2021,91.06512370975611
1626 艾美特-KY,2022,34.69377476947406
1626 艾美特-KY,2023,40.697372281437126
1626 艾美特-KY,2024,31.208065204870316
1626 艾美特-KY,2025,25.010352606217022
1702 南僑,2020,62.146243258068466
1702 南僑,2021,81.85877636257358
1702 南僑,2022,63.10774879398154
1702 南僑,2023,67.47712798952041
1702 南僑,2024,34.60991517595234
1702 南僑,2025,56.228193621151725
1707 葡萄王,2020,53.54472552980006
1707 葡萄王,2021,39.23874404431029
1707 葡萄王,2022,74.72625298885728
1707 葡萄王,2023,67.56933376407275
1707 葡萄王,2024,35.79795009588731
1707 葡萄王,2025,44.425522428731284
1708 東鹼,2020,60.423131148778786
1708 東鹼,2021,53.8328782154146
1708 東鹼,2022,31.13168815987158
1708 東鹼,2023,47.3589151254807
1708 東鹼,2024,29.20671116694931
1708 東鹼,2025,44.652421939337934
1709 和益,2020,48.920723662465456
1709 和益,2021,67.73645091412529
1709 和益,2022,38.54324615943136
1709 和益,2023,47.29166986072427
1709 和益,2024,27.99731288576582
1709 和益,2025,45.53210748194257
1710 東聯,2020,62.6922174997679
1710 東聯,2021,57.53369036964266
1710 東聯,2022,49.76231200968694
1710 東聯,2023,54.61691864537196
1710 東聯,2024,36.58975469060043
1710 東聯,2025,57.562070048140825
1711 永光,2020,63.26416434292452
1711 永光,2021,60.88338931518086
1711 永光,2022,42.90722637191585
1711 永光,2023,40.67882324672491
1711 永光,2024,26.309594760766362
1711 永光,2025,56.38211062997095
1712 興農,2020,81.12058580351683
1712 興農,2021,74.15028703006732
1712 興農,2022,42.42602148659402
1712 興農,2023,55.41661117640633
1712 興農,2024,35.093684668552335
1712 興農,2025,52.87354164927077
1713 國化,2020,95.82948423429222
1713 國化,2021,73.8176388391803
1713 國化,2022,51.41606214649164
1713 國化,2023,18.946925139852908
1713 國化,2024,35.1624743351317
1713 國化,2025,65.35686976709074
1714 和桐,2020,58.447770843413124
1714 和桐,2021,63.10610360837139
1714 和桐,2022,55.525142528466496
1714 和桐,2023,47.86547143690976
1714 和桐,2024,34.47862805036598
1714 和桐,2025,38.069068612288945
1717 長興,2020,49.39214299834411
1717 長興,2021,91.02966316621551
1717 長興,2022,43.89976384108628
1717 長興,2023,54.0865912237871
1717 長興,2024,32.05787059549935
1717 長興,2025,54.43872110920083
1718 中纖,2020,71.37456809780763
1718 中纖,2021,67.31100698043977
1718 中纖,2022,51.509114318039096
1718 中纖,2023,38.055524033851896
1718 中纖,2024,23.477404383631534
1718 中纖,2025,48.6000652491849
1720 生達,2020,55.05309908466898
1720 生達,2021,67.32709076003938
1720 生達,2022,59.34159024631588
1720 生達,2023,47.803467274654835
1720 生達,2024,44.52939790346294
1720 生達,2025,36.31559588222449
1721 三晃,2020,44.83696667918194
1721 三晃,2021,55.8443471646041
1721 三晃,2022,36.682348441363544
1721 三晃,2023,38.691709104362644
1721 三晃,2024,28.928369954964282
1721 三晃,2025,79.155119309235
1722 台肥,2020,60.13647981141666
1722 台肥,2021,61.79108322171203
1722 台肥,2022,46.484272638695174
1722 台肥,2023,63.18544520676742
1722 台肥,2024,15.191537244520214
1722 台肥,2025,57.12111222328943
1723 中碳,2020,64.14243858588381
1723 中碳,2021,87.28231244141455
1723 中碳,2022,45.683366873105136
1723 中碳,2023,52.30680425946582
1723 中碳,2024,39.528240557059405
1723 中碳,2025,34.710963738068
1725 元禎,2020,59.465794699013564
1725 元禎,2021,49.85416842467624
1725 元禎,2022,40.99688803110138
1725 元禎,2023,56.270354517737964
1725 元禎,2024,21.377944515606718
1725 元禎,2025,54.42413319970848
1726 永記,2020,42.97467439796016
1726 永記,2021,68.49074684025346
1726 永記,2022,42.897183534900165
1726 永記,2023,67.71401591670241
1726 永記,2024,53.951585692351976
1726 永記,2025,58.80706404792978
1727 中華化,2020,43.1097339323216
1727 中華化,2021,60.010901787871504
1727 中華化,2022,24.414635477383044
1727 中華化,2023,33.58068251731227
1727 中華化,2024,23.179375293721026
1727 中華化,2025,57.647186951136355
1730 花仙子,2020,55.2188113200671
1730 花仙子,2021,59.94561405170412
1730 花仙子,2022,49.71749666757501
1730 花仙子,2023,63.53221461977206
1730 花仙子,2024,64.42281652416159
1730 花仙子,2025,46.64468998424905
1731 美吾華,2020,69.62958238515596
1731 美吾華,2021,60.55376975637034
1731 美吾華,2022,66.47276302330364
1731 美吾華,2023,50.93654768592673
1731 美吾華,2024,46.256314628649115
1731 美吾華,2025,46.04856257601358
1732 毛寶,2020,68.23718614424631
1732 毛寶,2021,65.53474446349989
1732 毛寶,2022,69.14991192005755
1732 毛寶,2023,49.78569175449537
1732 毛寶,2024,49.41247533361343
1732 毛寶,2025,35.69875178322325
1733 五鼎,2020,23.39029442686532
1733 五鼎,2021,87.24332532481239
1733 五鼎,2022,46.70690654331506
1733 五鼎,2023,72.32728340359992
1733 五鼎,2024,67.68367529772998
1733 五鼎,2025,41.256288107602195
1734 杏輝,2020,57.88637114063631
1734 杏輝,2021,58.043673691064
1734 杏輝,2022,46.31125514597551
1734 杏輝,2023,54.19674007610419
1734 杏輝,2024,77.12675900911617
1734 杏輝,2025,44.490711323224275
1735 日勝化,2020,67.47778027162775
1735 日勝化,2021,71.93962883093967
1735 日勝化,2022,60.4996369765448
1735 日勝化,2023,54.88204320804279
1735 日勝化,2024,56.69637808414121
1735 日勝化,2025,72.17307183666634
1736 喬山,2020,53.713244874983914
1736 喬山,2021,44.79903305994748
1736 喬山,2022,16.653093421296717
1736 喬山,2023,45.994244658547686
1736 喬山,2024,48.41937199431533
1736 喬山,2025,48.53545929499054
1737 臺鹽,2020,51.523465064015916
1737 臺鹽,2021,48.81654251341615
1737 臺鹽,2022,73.04283769730021
1737 臺鹽,2023,56.386828727771245
1737 臺鹽,2024,58.04938887365917
1737 臺鹽,2025,51.62929614578893
1742 台蠟,2020,45.45199093633457
1752 南光,2020,46.03519250241524
1752 南光,2021,70.18857419444501
1752 南光,2022,66.99007200047785
1752 南光,2023,32.3671047481321
1752 南光,2024,41.4415223078687
1752 南光,2025,38.33404704966857
1760 寶齡富錦,2020,43.283431517663544
1760 寶齡富錦,2021,80.32948006746523
1760 寶齡富錦,2022,54.18584933308034
1760 寶齡富錦,2023,49.8667100489637
1760 寶齡富錦,2024,40.90818759891265
1760 寶齡富錦,2025,36.442753457581155
1762 中化生,2020,44.28065093309876
1762 中化生,2021,50.15824300523924
1762 中化生,2022,56.427665128537605
1762 中化生,2023,56.81168471931498
1762 中化生,2024,42.521690731065206
1762 中化生,2025,38.19465519482424
1773 勝一,2020,54.37752610836593
1773 勝一,2021,86.31766432637149
1773 勝一,2022,49.261364008996026
1773 勝一,2023,44.27014934244167
1773 勝一,2024,47.131686539816776
1773 勝一,2025,51.43731400364926
1776 展宇,2020,62.58308645712015
1776 展宇,2021,53.28208135836543
1776 展宇,2022,48.72018778780864
1776 展宇,2023,48.857959563549755
1776 展宇,2024,60.384906504465455
1776 展宇,2025,52.51004520279837
1777 生泰,2020,58.10764029484336
1781 合世,2020,48.70676778719245
1783 和康生,2020,59.539353277309445
1783 和康生,2021,43.76943899528412
1783 和康生,2022,47.02554984210191
1783 和康生,2023,56.96538426201225
1783 和康生,2024,76.2319628266112
1783 和康生,2025,49.06795540232088
1784 訊聯,2020,54.47140989354844
1785 光洋科,2020,41.29337262045233
1786 科妍,2020,55.49214615853684
1786 科妍,2021,43.95537427914914
1786 科妍,2022,47.46563804783705
1786 科妍,2023,51.30998964867952
1786 科妍,2024,83.65010106776037
1786 科妍,2025,27.287933593334664
1788 杏昌,2020,57.4466982269901
1789 神隆,2020,55.22917909919557
1789 神隆,2021,67.3114962755594
1789 神隆,2022,43.999202085821324
1789 神隆,2023,53.49229437243604
1789 神隆,2024,39.034807301961585
1789 神隆,2025,36.92736171931498
1795 美時,2020,33.40619390320457
1795 美時,2021,48.07994444347204
1795 美時,2022,59.031758874179886
1795 美時,2023,57.14338713064322
1795 美時,2024,52.14582628482669
1795 美時,2025,47.38562602510369
1796 金穎生技,2020,56.615537711508765
1799 易威,2020,45.03208402517261
1802 台玻,2020,70.97321080771387
1802 台玻,2021,66.40612857455524
1802 台玻,2022,31.706820076536452
1802 台玻,2023,52.71948780422009
1802 台玻,2024,16.606985873410345
1802 台玻,2025,49.31276789018495
1805 寶徠,2020,48.815920369100226
1805 寶徠,2021,72.75252963005259
1805 寶徠,2022,41.99707163818747
1805 寶徠,2023,40.86217579005507
1805 寶徠,2024,53.752288236757806
1805 寶徠,2025,57.07232427254814
1806 冠軍,2020,80.38119068891206
1806 冠軍,2021,59.02299564809989
1806 冠軍,2022,30.050737045718694
1806 冠軍,2023,68.49940038334847
1806 冠軍,2024,31.115273988377922
1806 冠軍,2025,41.42704300085021
1808 潤隆,2020,53.76893379813019
1808 潤隆,2021,32.43428477828508
1808 潤隆,2022,65.57734325512118
1808 潤隆,2023,45.00131866823989
1808 潤隆,2024,36.336111294136245
1808 潤隆,2025,51.10069889544958
1809 中釉,2020,54.398134900917405
1809 中釉,2021,65.20273514311154
1809 中釉,2022,34.56288609434862
1809 中釉,2023,45.93106698602858
1809 中釉,2024,35.60067888741029
1809 中釉,2025,45.79796782338958
1810 和成,2020,72.31776385945763
1810 和成,2021,57.918628639096866
1810 和成,2022,45.65489312697315
1810 和成,2023,40.55697691094407
1810 和成,2024,73.29512805368296
1810 和成,2025,52.5837612203815
1813 寶利徠,2020,47.657246859247444
1815 富喬,2020,60.39307142642423
1817 凱撒衛,2020,62.46035730997046
1817 凱撒衛,2021,50.72829073558162
1817 凱撒衛,2022,56.96524376549614
1817 凱撒衛,2023,54.19459911469588
1817 凱撒衛,2024,40.24760020213491
1817 凱撒衛,2025,44.62807475599294
1903 士紙,2020,52.18308908690562
1903 士紙,2021,43.6310173272156
1903 士紙,2022,47.8213656035548
1903 士紙,2023,54.273397008438614
1903 士紙,2024,34.34885340194022
1903 士紙,2025,41.130922126742334
1904 正隆,2020,79.9890455524752
1904 正隆,2021,60.6436343590593
1904 正隆,2022,51.89398002952335
1904 正隆,2023,47.53956084758714
1904 正隆,2024,23.80039531390656
1904 正隆,2025,36.53542844909678
1905 華紙,2020,65.71212034822457
1905 華紙,2021,57.507802597535154
1905 華紙,2022,35.323648106084676
1905 華紙,2023,45.813121297601874
1905 華紙,2024,36.71840512290902
1905 華紙,2025,41.41818062066319
1906 寶隆,2020,74.10126688828194
1906 寶隆,2021,58.99520473866088
1906 寶隆,2022,54.45347879257636
1906 寶隆,2023,48.77551751797778
1906 寶隆,2024,32.44286524166372
1906 寶隆,2025,42.7834862389582
1907 永豐餘,2020,90.9314888985585
1907 永豐餘,2021,62.99810592727154
1907 永豐餘,2022,37.62971838805683
1907 永豐餘,2023,43.179580357377276
1907 永豐餘,2024,43.14625902298951
1907 永豐餘,2025,49.030142585094794
1909 榮成,2020,68.0068599103664
1909 榮成,2021,59.14884318406352
1909 榮成,2022,67.24868793670875
1909 榮成,2023,48.40282095929393
1909 榮成,2024,39.09865572462702
1909 榮成,2025,37.18197777759953
2002 中鋼,2020,62.18878972262446
2002 中鋼,2021,59.20908179804676
2002 中鋼,2022,49.45951244509289
2002 中鋼,2023,76.14393851647763
2002 中鋼,2024,15.608901184231506
2002 中鋼,2025,56.59541712625023
2006 東和鋼鐵,2020,55.7355354796627
2006 東和鋼鐵,2021,61.73366386444855
2006 東和鋼鐵,2022,53.747045411293335
2006 東和鋼鐵,2023,45.72329946576524
2006 東和鋼鐵,2024,33.664428823580984
2006 東和鋼鐵,2025,38.59393385901233
2007 燁興,2020,58.62758685123318
2007 燁興,2021,41.18171595197358
2007 燁興,2022,59.42185429438342
2007 燁興,2023,58.45732440280281
2007 燁興,2024,16.68026071331659
2007 燁興,2025,74.58741176336967
2008 高興昌,2020,65.46929374681774
2008 高興昌,2021,50.251231319716496
2008 高興昌,2022,66.3408833035972
2008 高興昌,2023,59.5135359409651
2008 高興昌,2024,38.75252071916923
2008 高興昌,2025,52.28962645812759
2009 第一銅,2020,78.15291819013888
2009 第一銅,2021,54.773354282435015
2009 第一銅,2022,35.660662578544304
2009 第一銅,2023,51.42328165086337
2009 第一銅,2024,37.872292600409686
2009 第一銅,2025,57.832071147608275
2010 春源,2020,54.0009377638014
2010 春源,2021,55.28867955347766
2010 春源,2022,50.08596680676938
2010 春源,2023,61.806252030437406
2010 春源,2024,33.462762325866386
2010 春源,2025,52.66019605455635
2012 春雨,2020,71.4375603459996
2012 春雨,2021,50.14793038364829
2012 春雨,2022,65.52327738404844
2012 春雨,2023,68.35060021191497
2012 春雨,2024,19.525078696152285
2012 春雨,2025,77.10738107974323
2013 中鋼構,2020,49.522563714168065
2013 中鋼構,2021,52.53807022196344
2013 中鋼構,2022,52.522391448713336
2013 中鋼構,2023,68.12459151197497
2013 中鋼構,2024,39.40052708178548
2013 中鋼構,2025,52.66009801161611
2014 中鴻,2020,68.55013366052243
2014 中鴻,2021,48.75495951560962
2014 中鴻,2022,55.48924417071608
2014 中鴻,2023,51.26668455670581
2014 中鴻,2024,29.21907059218838
2014 中鴻,2025,55.80481075057776
2015 豐興,2020,63.83121462247675
2015 豐興,2021,53.34356471352449
2015 豐興,2022,41.85157139273728
2015 豐興,2023,61.40438659528547
2015 豐興,2024,31.728505780812743
2015 豐興,2025,41.4248079365889
2017 官田鋼,2020,64.76579811552553
2017 官田鋼,2021,41.81669417275593
2017 官田鋼,2022,48.67047944648827
2017 官田鋼,2023,47.34861616448838
2017 官田鋼,2024,32.695604977072065
2017 官田鋼,2025,45.789490010519
2020 美亞,2020,60.09317968728828
2020 美亞,2021,44.43925703901292
2020 美亞,2022,37.75539017950557
2020 美亞,2023,49.8706980732594
2020 美亞,2024,49.61300118255052
2020 美亞,2025,63.62661493093034
2022 聚亨,2020,72.15141057173766
2022 聚亨,2021,59.98767584191514
2022 聚亨,2022,40.34418360914595
2022 聚亨,2023,54.0932759778615
2022 聚亨,2024,23.71694096641367
2022 聚亨,2025,54.56854521878549
2023 燁輝,2020,63.41599863373513
2023 燁輝,2021,56.04949943466308
2023 燁輝,2022,46.29722478315411
2023 燁輝,2023,51.76495856499842
2023 燁輝,2024,67.55595102419493
2023 燁輝,2025,60.18240876189953
2024 志聯,2020,68.08984340220697
2024 志聯,2021,60.91238291906985
2024 志聯,2022,52.22042134626371
2024 志聯,2023,52.9586734803695
2024 志聯,2024,43.87433659519754
2024 志聯,2025,70.38167778725237
2025 千興,2020,66.82814859053471
2025 千興,2021,68.94052878868607
2025 千興,2022,36.83031073460174
2025 千興,2023,49.44398058685353
2025 千興,2024,8.552249701717578
2025 千興,2025,66.62414304609592
2027 大成鋼,2020,57.14997713923451
2027 大成鋼,2021,38.423323158644585
2027 大成鋼,2022,50.36412120745201
2027 大成鋼,2023,62.81266346378587
2027 大成鋼,2024,35.813204397531976
2027 大成鋼,2025,42.332556300810474
2028 威致,2020,64.27980347441485
2028 威致,2021,30.62802281025977
2028 威致,2022,56.57181640243396
2028 威致,2023,55.267306005136554
2028 威致,2024,46.86864994150693
2028 威致,2025,66.33990378063322
2029 盛餘,2020,74.88906660034374
2029 盛餘,2021,42.7313537626155
2029 盛餘,2022,52.625612781894745
2029 盛餘,2023,34.070104188716435
2029 盛餘,2024,24.388023741388608
2029 盛餘,2025,59.27336266336861
2030 彰源,2020,66.60179383301586
2030 彰源,2021,35.01649487154092
2030 彰源,2022,51.263053258262815
2030 彰源,2023,48.233847817727984
2030 彰源,2024,14.526946042848325
2030 彰源,2025,77.09240490723498
2031 新光鋼,2020,54.03083539956658
2031 新光鋼,2021,44.90490415279159
2031 新光鋼,2022,56.698015490845336
2031 新光鋼,2023,49.60715358487036
2031 新光鋼,2024,46.48161932224162
2031 新光鋼,2025,49.61608289114109
2032 新鋼,2020,85.93413663382947
2032 新鋼,2021,47.41600816360606
2032 新鋼,2022,53.759102946632666
2032 新鋼,2023,60.92086532808975
2032 新鋼,2024,17.21602133570242
2032 新鋼,2025,72.87209977969574
2033 佳大,2020,66.0235260320707
2033 佳大,2021,49.28486783728158
2033 佳大,2022,53.24898627168532
2033 佳大,2023,57.165365879308325
2033 佳大,2024,44.14190388216001
2033 佳大,2025,50.85693155026488
2034 允強,2020,70.47656556980422
2034 允強,2021,48.09274718291578
2034 允強,2022,55.54789358516944
2034 允強,2023,59.32387871060383
2034 允強,2024,30.610651776270476
2034 允強,2025,65.86464355172374
2035 唐榮,2020,54.69833775823913
2038 海光,2020,65.10978257435728
2038 海光,2021,36.00413432143291
2038 海光,2022,52.28328736156547
2038 海光,2023,58.28356707530568
2038 海光,2024,23.778441349937584
2038 海光,2025,58.293213985189475
2049 上銀,2020,70.78308431211393
2049 上銀,2021,69.76732354182924
2049 上銀,2022,48.806187975466585
2049 上銀,2023,62.84579068860647
2049 上銀,2024,83.4498890852752
2049 上銀,2025,44.26866664509549
2059 川湖,2020,39.05532796886774
2059 川湖,2021,73.16544178433303
2059 川湖,2022,29.459992252954343
2059 川湖,2023,62.053386486241514
2059 川湖,2024,64.60409210106563
2059 川湖,2025,54.46710285512396
2061 風青,2020,57.33695881660195
2062 橋椿,2020,71.80103644742545
2062 橋椿,2021,55.34610207961504
2062 橋椿,2022,64.41425057307178
2062 橋椿,2023,43.78293000100404
2062 橋椿,2024,41.00579125870873
2062 橋椿,2025,41.89753707966307
2063 世鎧,2020,52.64841425421148
2064 晉椿,2020,68.1250416105511
2065 世豐,2020,50.428055864719724
2066 世德,2020,51.83758946618061
2067 嘉鋼,2020,60.50450987530858
2069 運錩,2020,57.67843219621166
2069 運錩,2021,33.16894362569218
2069 運錩,2022,61.84357443507924
2069 運錩,2023,69.59523735740831
2069 運錩,2024,18.47494590522966
2069 運錩,2025,76.86195640265045
2070 精湛,2020,53.56287579677104
2072 世紀風電,2020,53.94593478440872
2072 世紀風電,2021,69.9528579044192
2072 世紀風電,2022,73.51386765557962
2072 世紀風電,2023,47.05319870606048
2072 世紀風電,2024,35.10831335156268
2072 世紀風電,2025,68.60558228828978
2101 南港,2020,52.13454698320263
2101 南港,2021,80.10047116050741
2101 南港,2022,29.180455447469395
2101 南港,2023,76.57740726435034
2101 南港,2024,31.40759377476338
2101 南港,2025,44.184339191062676
2102 泰豐,2020,32.11346236414441
2102 泰豐,2021,66.95577284767208
2102 泰豐,2022,32.66633555611197
2102 泰豐,2023,58.00387764793749
2102 泰豐,2024,39.030514933186836
2102 泰豐,2025,43.52294194365993
2103 台橡,2020,57.76571205882068
2103 台橡,2021,56.49147553031489
2103 台橡,2022,44.86342987203452
2103 台橡,2023,48.71302115047288
2103 台橡,2024,18.88260453023376
2103 台橡,2025,48.438249085293656
2104 國際中橡,2020,73.48943736896759
2104 國際中橡,2021,73.4609001218037
2104 國際中橡,2022,41.945976455285496
2104 國際中橡,2023,52.510444817827974
2104 國際中橡,2024,18.02402999335077
2104 國際中橡,2025,56.35977145560156
2105 正新,2020,52.53386907468703
2105 正新,2021,51.123130918210954
2105 正新,2022,46.00454713330841
2105 正新,2023,42.60729518556415
2105 正新,2024,37.72945236318163
2105 正新,2025,24.498000262494745
2106 建大,2020,46.11281109037055
2106 建大,2021,68.24029479848755
2106 建大,2022,48.868456930965046
2106 建大,2023,47.328075285317745
2106 建大,2024,52.036997527951726
2106 建大,2025,34.06710083531549
2107 厚生,2020,53.51062393683531
2107 厚生,2021,72.29052763537402
2107 厚生,2022,48.06232312876256
2107 厚生,2023,75.54527609464844
2107 厚生,2024,43.26708547015877
2107 厚生,2025,65.00596446096947
2108 南帝,2020,51.97981040176962
2108 南帝,2021,57.167806729747504
2108 南帝,2022,38.3149731709955
2108 南帝,2023,52.60116123996947
2108 南帝,2024,53.6285008979851
2108 南帝,2025,59.4874126440881
2109 華豐,2020,73.25233192726117
2109 華豐,2021,52.85038218849096
2109 華豐,2022,44.011526507897514
2109 華豐,2023,53.67609724131442
2109 華豐,2024,45.968981268529646
2109 華豐,2025,38.388181346449045
2114 鑫永銓,2020,87.41972642815206
2114 鑫永銓,2021,52.03167649325234
2114 鑫永銓,2022,41.175471995174775
2114 鑫永銓,2023,48.57455141733163
2114 鑫永銓,2024,44.17316612182896
2114 鑫永銓,2025,59.559212086831636
2115 六暉-KY,2020,57.70863855102143
2115 六暉-KY,2021,55.471374450114965
2115 六暉-KY,2022,57.317056836442134
2115 六暉-KY,2023,31.83111133094575
2115 六暉-KY,2024,41.6281403809608
2115 六暉-KY,2025,25.726383551480236
2201 裕隆,2020,84.66184185086895
2201 裕隆,2021,51.94384876967387
2201 裕隆,2022,51.11224974268009
2201 裕隆,2023,54.08604297959138
2201 裕隆,2024,36.94107288618147
2201 裕隆,2025,44.45540742142013
2204 中華,2020,77.07179374460608
2204 中華,2021,46.452902219586
2204 中華,2022,51.009519276536686
2204 中華,2023,46.51982708701218
2204 中華,2024,61.2610324845379
2204 中華,2025,43.45933290467925
2206 三陽工業,2020,67.11312825705001
2206 三陽工業,2021,75.99823233545419
2206 三陽工業,2022,36.46929908795026
2206 三陽工業,2023,50.53990977984779
2206 三陽工業,2024,48.564523147332075
2206 三陽工業,2025,55.25927036220134
2207 和泰車,2020,57.32507115044938
2207 和泰車,2021,52.860450621840414
2207 和泰車,2022,39.08965603613451
2207 和泰車,2023,60.92082681194023
2207 和泰車,2024,62.52436541668265
2207 和泰車,2025,28.890086779320406
2208 台船,2020,56.15852267531922
2208 台船,2021,68.7042544729802
2208 台船,2022,48.32261797669023
2208 台船,2023,40.529315080148415
2208 台船,2024,18.45072559473839
2208 台船,2025,46.052761076858005
2211 長榮鋼,2020,53.33320996716998
2211 長榮鋼,2021,55.57548357500135
2211 長榮鋼,2022,41.49497146578226
2211 長榮鋼,2023,73.39448577039748
2211 長榮鋼,2024,17.629562107458902
2211 長榮鋼,2025,27.51449435808525
2221 大甲,2020,61.99326789243141
2227 裕日車,2020,46.56246786529004
2227 裕日車,2021,59.29082994432865
2227 裕日車,2022,37.48773577551483
2227 裕日車,2023,62.039043194014184
2227 裕日車,2024,31.306276523454873
2227 裕日車,2025,49.77600657479913
2228 劍麟,2020,37.93907534185421
2228 劍麟,2021,82.67293690363485
2228 劍麟,2022,18.118042443445077
2228 劍麟,2023,53.3364197244833
2228 劍麟,2024,35.60222745694535
2228 劍麟,2025,50.365842102933975
2230 泰茂,2020,56.05106369839521
2231 為升,2020,61.6026712045547
2231 為升,2021,61.42005312433918
2231 為升,2022,30.844943695929683
2231 為升,2023,53.29826222572063
2231 為升,2024,52.4238826805724
2231 為升,2025,42.79692353176562
2233 宇隆,2020,73.06682856901894
2233 宇隆,2021,82.35955577112402
2233 宇隆,2022,62.59625451167903
2233 宇隆,2023,51.98433695546682
2233 宇隆,2024,90.8086093721494
2233 宇隆,2025,69.28700144709505
2235 謚源,2020,49.63806041090418
2236 百達-KY,2020,72.25172150602309
2236 百達-KY,2021,70.06058460282937
2236 百達-KY,2022,69.3409870429219
2236 百達-KY,2023,32.798378194968734
2236 百達-KY,2024,52.443492116495236
2236 百達-KY,2025,67.30079033194251
2239 英利-KY,2020,73.99077535004707
2239 英利-KY,2021,65.81394593948477
2239 英利-KY,2022,36.027349925745426
2239 英利-KY,2023,49.14700327295882
2239 英利-KY,2024,16.131794353445564
2239 英利-KY,2025,59.49073736164908
2241 艾姆勒,2020,55.409398061081596
2241 艾姆勒,2021,64.37214227997565
2241 艾姆勒,2022,50.28443840938321
2241 艾姆勒,2023,45.69081291231203
2241 艾姆勒,2024,43.32813091290543
2241 艾姆勒,2025,48.25870886109452
2243 宏旭-KY,2020,55.5400381748838
2243 宏旭-KY,2021,41.495976498685614
2243 宏旭-KY,2022,89.38612499386309
2243 宏旭-KY,2023,43.248082093278434
2243 宏旭-KY,2024,39.8197010163185
2243 宏旭-KY,2025,48.62500234140369
2247 汎德永業,2020,39.395178496158415
2247 汎德永業,2021,70.9493562871333
2247 汎德永業,2022,57.1843772585713
2247 汎德永業,2023,47.09413815989747
2247 汎德永業,2024,62.8850718933655
2247 汎德永業,2025,36.25828859734539
2248 華勝-KY,2020,16.403915684964986
2248 華勝-KY,2021,65.12384403856585
2248 華勝-KY,2022,54.98204803914244
2248 華勝-KY,2023,45.28044934009519
2248 華勝-KY,2024,37.015824729367644
2248 華勝-KY,2025,44.66944063964196
2250 IKKA-KY,2021,52.36494227410186
2250 IKKA-KY,2022,39.260840987963405
2250 IKKA-KY,2023,39.7165560527465
2250 IKKA-KY,2024,67.88304417734727
2250 IKKA-KY,2025,43.79132202088943
2301 光寶科,2020,62.26252949346704
2301 光寶科,2021,69.21592649820607
2301 光寶科,2022,46.29120792327654
2301 光寶科,2023,66.43310740716217
2301 光寶科,2024,35.18049506632881
2301 光寶科,2025,53.6434887825045
2302 麗正,2020,58.41359725679808
2302 麗正,2021,50.374692757054554
2302 麗正,2022,25.09093818637598
2302 麗正,2023,45.9951813695589
2302 麗正,2024,48.83145099777486
2302 麗正,2025,42.861562603448114
2303 聯電,2020,53.6969541140129
2303 聯電,2021,67.11172537994015
2303 聯電,2022,24.598873762459455
2303 聯電,2023,68.8824463366146
2303 聯電,2024,45.21260326284815
2303 聯電,2025,55.60067042659921
2305 全友,2020,79.20930329907408
2305 全友,2021,76.7399652051425
2305 全友,2022,35.84291200285365
2305 全友,2023,54.00415644830242
2305 全友,2024,41.993710683323954
2305 全友,2025,54.77856908750207
2308 台達電,2020,76.80439146417932
2308 台達電,2021,63.40516432443778
2308 台達電,2022,50.769790358337076
2308 台達電,2023,63.12853792031571
2308 台達電,2024,63.39438382604139
2308 台達電,2025,55.01023194844726
2312 金寶,2020,59.11760438540359
2312 金寶,2021,63.794174121834544
2312 金寶,2022,31.93454644455509
2312 金寶,2023,53.357258584931564
2312 金寶,2024,34.61286196578438
2312 金寶,2025,47.375929195593855
2313 華通,2020,38.84637502638619
2313 華通,2021,59.93338168159944
2313 華通,2022,23.03888151429438
2313 華通,2023,43.39518551932781
2313 華通,2024,64.65502513812802
2313 華通,2025,53.870239008813584
2314 台揚,2020,65.91249342023325
2314 台揚,2021,65.50863836009825
2314 台揚,2022,48.297525921433895
2314 台揚,2023,49.29223411279421
2314 台揚,2024,80.16643154046527
2314 台揚,2025,47.266973841093936
2316 楠梓電,2020,60.62456996513238
2316 楠梓電,2021,81.40620749094197
2316 楠梓電,2022,66.49535503984184
2316 楠梓電,2023,64.08687745112083
2316 楠梓電,2024,36.57662129590541
2316 楠梓電,2025,49.320335463476454
2317 鴻海,2020,72.90109463121142
2317 鴻海,2021,44.562267242285856
2317 鴻海,2022,38.13204925579996
2317 鴻海,2023,70.36939640915713
2317 鴻海,2024,37.1183974783634
2317 鴻海,2025,54.138200844562625
2321 東訊,2020,57.19903971764212
2321 東訊,2021,51.7028986912061
2321 東訊,2022,64.14988700292076
2321 東訊,2023,41.472187168793354
2321 東訊,2024,46.11422966039108
2321 東訊,2025,32.19588221266704
2323 中環,2020,60.03047971033896
2323 中環,2021,95.43669889958404
2323 中環,2022,27.687257570410438
2323 中環,2023,64.64506370393632
2323 中環,2024,10.372341756980513
2323 中環,2025,64.52476752136882
2324 仁寶,2020,55.347722174619875
2324 仁寶,2021,61.32564942183629
2324 仁寶,2022,75.0615253952882
2324 仁寶,2023,73.08101384627626
2324 仁寶,2024,50.75615965830183
2324 仁寶,2025,53.3550486485343
2327 國巨*,2020,70.1913957880547
2327 國巨*,2021,66.76541803106169
2327 國巨*,2022,34.95935736993638
2327 國巨*,2023,41.79955979005812
2327 國巨*,2024,59.67337055833666
2327 國巨*,2025,54.038581122579686
2328 廣宇,2020,70.18861521318824
2328 廣宇,2021,53.373636795050174
2328 廣宇,2022,42.129169356604265
2328 廣宇,2023,61.828853582199116
2328 廣宇,2024,55.08663702795236
2328 廣宇,2025,58.76375773276712
2329 華泰,2020,52.16106930171599
2329 華泰,2021,64.59333563412306
2329 華泰,2022,41.65629098039836
2329 華泰,2023,32.87141939861645
2329 華泰,2024,42.03807906142347
2329 華泰,2025,65.17492678757631
2330 台積電,2020,78.99152011619357
2330 台積電,2021,67.57332976793172
2330 台積電,2022,33.82733985301797
2330 台積電,2023,73.81314716462603
2330 台積電,2024,50.18279978745341
2330 台積電,2025,66.74865020928013
2331 精英,2020,78.82551505127192
2331 精英,2021,55.21245953536621
2331 精英,2022,25.667061794306285
2331 精英,2023,66.24041739252975
2331 精英,2024,49.40719637473675
2331 精英,2025,48.811285939251455
2332 友訊,2020,58.613179624566435
2332 友訊,2021,60.06768986876153
2332 友訊,2022,40.5516983317202
2332 友訊,2023,59.220479397734536
2332 友訊,2024,58.46068750577656
2332 友訊,2025,35.04424605756238
2337 旺宏,2020,58.20665073325985
2337 旺宏,2021,70.67480208612182
2337 旺宏,2022,35.28120586734074
2337 旺宏,2023,68.51707310874437
2337 旺宏,2024,30.11378680969355
2337 旺宏,2025,60.27794139169607
2338 光罩,2020,46.75783033563701
2338 光罩,2021,71.8992872788779
2338 光罩,2022,42.10380585255211
2338 光罩,2023,54.7555312637258
2338 光罩,2024,35.60492495083021
2338 光罩,2025,47.3773882343394
2340 台亞,2020,76.45506162180227
2340 台亞,2021,57.6737034024843
2340 台亞,2022,24.593613294134396
2340 台亞,2023,53.69319927992184
2340 台亞,2024,47.70468882969269
2340 台亞,2025,46.88233035282924
2342 茂矽,2020,62.64862532022973
2342 茂矽,2021,53.361161843041025
2342 茂矽,2022,30.29390673235338
2342 茂矽,2023,59.21404840619024
2342 茂矽,2024,38.039114987016646
2342 茂矽,2025,42.97780291256107
2344 華邦電,2020,69.28811758604492
2344 華邦電,2021,84.20363704678087
2344 華邦電,2022,30.535182481545643
2344 華邦電,2023,75.10421749246584
2344 華邦電,2024,33.66547853597906
2344 華邦電,2025,70.16785011870702
2345 智邦,2020,80.79108959842934
2345 智邦,2021,33.509975409556894
2345 智邦,2022,33.3876325764624
2345 智邦,2023,60.145944479293824
2345 智邦,2024,64.89651281075955
2345 智邦,2025,61.288094478075415
2347 聯強,2020,67.38612789433584
2347 聯強,2021,58.74473943721016
2347 聯強,2022,33.378385962518095
2347 聯強,2023,67.41733979233038
2347 聯強,2024,36.75414950819204
2347 聯強,2025,43.00840192500524
2348 海悅,2020,47.96738857197327
2348 海悅,2021,53.288041317613455
2348 海悅,2022,34.653642110185665
2348 海悅,2023,70.25602306257865
2348 海悅,2024,46.224915628513855
2348 海悅,2025,45.18490896455727
2349 錸德,2020,43.39250822740578
2349 錸德,2021,92.62260470958535
2349 錸德,2022,28.727629456570963
2349 錸德,2023,50.22431140367244
2349 錸德,2024,27.280247142167326
2349 錸德,2025,70.00232390934129
2351 順德,2020,88.32230470447709
2351 順德,2021,78.0247777966768
2351 順德,2022,35.42889508757227
2351 順德,2023,40.44915279283477
2351 順德,2024,37.95878840172488
2351 順德,2025,47.84585418745785
2352 佳世達,2020,74.2884598435609
2352 佳世達,2021,70.76917563895717
2352 佳世達,2022,65.78606270700664
2352 佳世達,2023,76.55453759650833
2352 佳世達,2024,23.155815033642668
2352 佳世達,2025,20.589697883997047
2353 宏碁,2020,44.982634976420414
2353 宏碁,2021,72.7417584224908
2353 宏碁,2022,61.763787013405015
2353 宏碁,2023,93.89710234462949
2353 宏碁,2024,71.73403799449507
2353 宏碁,2025,46.464049432904005
2354 鴻準,2020,55.28843543550064
2354 鴻準,2021,57.57813026239995
2354 鴻準,2022,50.83310511170506
2354 鴻準,2023,72.31342090721606
2354 鴻準,2024,30.22138975530882
2354 鴻準,2025,39.692489234110475
2355 敬鵬,2020,64.68378269264481
2355 敬鵬,2021,51.910765154716444
2355 敬鵬,2022,29.89933104153521
2355 敬鵬,2023,51.026268280698396
2355 敬鵬,2024,45.067412711439594
2355 敬鵬,2025,40.914481066278945
2356 英業達,2020,54.63009928101851
2356 英業達,2021,35.63316512269861
2356 英業達,2022,78.27727073420532
2356 英業達,2023,73.59411800075654
2356 英業達,2024,49.2075631434926
2356 英業達,2025,46.8894219015956
2357 華碩,2020,46.92854591785177
2357 華碩,2021,77.40655138967584
2357 華碩,2022,47.50892766393554
2357 華碩,2023,87.6627277384326
2357 華碩,2024,55.76161717830615
2357 華碩,2025,31.72219522269803
2359 所羅門,2020,61.34805605545143
2359 所羅門,2021,95.48245260341986
2359 所羅門,2022,43.67670850310253
2359 所羅門,2023,44.689231980411634
2359 所羅門,2024,59.510760379372684
2359 所羅門,2025,44.18169972465526
2360 致茂,2020,41.78630624775004
2360 致茂,2021,58.30486950418822
2360 致茂,2022,49.02677711889993
2360 致茂,2023,61.723928437627116
2360 致茂,2024,54.9792303869315
2360 致茂,2025,50.6750847321778
2362 藍天,2020,58.71686214664942
2362 藍天,2021,64.29378461659006
2362 藍天,2022,38.311189894342746
2362 藍天,2023,81.48256673445474
2362 藍天,2024,31.903240921707415
2362 藍天,2025,38.071856064049626
2363 矽統,2020,42.857129981276096
2363 矽統,2021,71.56077214407803
2363 矽統,2022,46.69208341678704
2363 矽統,2023,42.58343668281147
2363 矽統,2024,47.93823619362552
2363 矽統,2025,39.556217968186
2364 倫飛,2020,51.01047204867116
2364 倫飛,2021,31.879034221989244
2364 倫飛,2022,24.803320092057774
2364 倫飛,2023,33.9875270197096
2364 倫飛,2024,60.85071678831879
2364 倫飛,2025,40.61229523156323
2365 昆盈,2020,58.061415279622445
2365 昆盈,2021,76.17231637461691
2365 昆盈,2022,76.03194381677991
2365 昆盈,2023,70.27361379241158
2365 昆盈,2024,56.03282010992502
2365 昆盈,2025,44.11241078600931
2367 燿華,2020,38.51182083395977
2367 燿華,2021,67.0836162346604
2367 燿華,2022,26.496343215546364
2367 燿華,2023,35.91645429921389
2367 燿華,2024,62.0822300413644
2367 燿華,2025,53.57040487876596
2368 金像電,2020,40.351435598155454
2368 金像電,2021,54.70720500436036
2368 金像電,2022,28.03718807322293
2368 金像電,2023,53.043587427659666
2368 金像電,2024,68.47119655091693
2368 金像電,2025,69.24079689140883
2369 菱生,2020,59.621855387359304
2369 菱生,2021,67.1445705221921
2369 菱生,2022,29.021309662822688
2369 菱生,2023,56.694228844958
2369 菱生,2024,48.283039538679354
2369 菱生,2025,53.59351661695166
2371 大同,2020,55.6176298231754
2371 大同,2021,56.77957470083801
2371 大同,2022,64.08727522246157
2371 大同,2023,50.447677326227335
2371 大同,2024,68.42657146521385
2371 大同,2025,45.21692583496158
2373 震旦行,2020,57.10867862994065
2373 震旦行,2021,46.20956870111353
2373 震旦行,2022,52.383769659537236
2373 震旦行,2023,61.70811059832864
2373 震旦行,2024,18.20925866880853
2373 震旦行,2025,42.088641277968286
2374 佳能,2020,63.824519883211885
2374 佳能,2021,66.01819940441248
2374 佳能,2022,33.35377719574025
2374 佳能,2023,57.37013770458758
2374 佳能,2024,65.76678435422161
2374 佳能,2025,46.603743009029
2375 凱美,2020,82.48885823596221
2375 凱美,2021,54.32902329420845
2375 凱美,2022,24.08194776157361
2375 凱美,2023,39.660238273181534
2375 凱美,2024,49.36113568625268
2375 凱美,2025,49.730164152374755
2376 技嘉,2020,50.96764268118097
2376 技嘉,2021,57.138364332088045
2376 技嘉,2022,53.85870217581152
2376 技嘉,2023,70.44371745430492
2376 技嘉,2024,41.8696842414974
2376 技嘉,2025,57.44831319423284
2377 微星,2020,67.8056131369728
2377 微星,2021,43.381196976539385
2377 微星,2022,49.827157261223256
2377 微星,2023,86.41776779140443
2377 微星,2024,69.61181149036186
2377 微星,2025,36.01244561664367
2379 瑞昱,2020,43.502147565609285
2379 瑞昱,2021,62.03645328631377
2379 瑞昱,2022,33.470580529143
2379 瑞昱,2023,55.504338983639286
2379 瑞昱,2024,78.70860449591855
2379 瑞昱,2025,36.04472141601164
2380 虹光,2020,91.99467225583578
2380 虹光,2021,51.6325615230136
2380 虹光,2022,24.315731775192116
2380 虹光,2023,47.882291698194514
2380 虹光,2024,17.658903444943817
2380 虹光,2025,38.06041349987896
2382 廣達,2020,61.784168775528116
2382 廣達,2021,82.23905772284333
2382 廣達,2022,58.208884440871
2382 廣達,2023,85.37229639872366
2382 廣達,2024,48.678285518511125
2382 廣達,2025,46.50460362813858
2383 台光電,2020,55.209397271463935
2383 台光電,2021,54.40688015138541
2383 台光電,2022,32.34992832643757
2383 台光電,2023,59.08099072529882
2383 台光電,2024,63.92348504366969
2383 台光電,2025,61.115473181291144
2385 群光,2020,53.1005052071575
2385 群光,2021,61.14267483195201
2385 群光,2022,56.914123461347046
2385 群光,2023,45.91975216149175
2385 群光,2024,56.68114662303857
2385 群光,2025,47.47107891580588
2387 精元,2020,54.37813473440678
2387 精元,2021,69.90047409030966
2387 精元,2022,28.973937204800198
2387 精元,2023,55.27721628091564
2387 精元,2024,32.86652098815397
2387 精元,2025,37.38707066884755
2388 威盛,2020,50.77680876342713
2388 威盛,2021,43.71485509732962
2388 威盛,2022,29.812636130539655
2388 威盛,2023,49.5468835695583
2388 威盛,2024,42.99723886789814
2388 威盛,2025,41.399465973508484
2390 云辰,2020,49.94790687678921
2390 云辰,2021,65.20065305634753
2390 云辰,2022,18.015367133552378
2390 云辰,2023,38.06045361871628
2390 云辰,2024,39.26239253273545
2390 云辰,2025,54.41859745234011
2392 正崴,2020,52.84223683618611
2392 正崴,2021,72.74473811903965
2392 正崴,2022,41.42738419969282
2392 正崴,2023,51.41107053069421
2392 正崴,2024,47.44345157161
2392 正崴,2025,31.577051019439068
2393 億光,2020,80.97085734995008
2393 億光,2021,67.68627942849395
2393 億光,2022,38.525705998740776
2393 億光,2023,83.62354386447026
2393 億光,2024,76.15902548813376
2393 億光,2025,58.927936063143406
2395 研華,2020,71.021367428288
2395 研華,2021,57.30036164120755
2395 研華,2022,47.72154686760541
2395 研華,2023,75.19722270352547
2395 研華,2024,45.08720210749012
2395 研華,2025,53.02662341250851
2397 友通,2020,61.94777522640251
2397 友通,2021,74.37706053059972
2397 友通,2022,54.24786355042619
2397 友通,2023,65.17883947086422
2397 友通,2024,42.031600513933306
2397 友通,2025,43.210987977018505
2399 映泰,2020,46.75533218196321
2399 映泰,2021,47.55658898946355
2399 映泰,2022,41.16623855577267
2399 映泰,2023,51.93360347484028
2399 映泰,2024,20.837304422703806
2399 映泰,2025,59.75709821015849
2401 凌陽,2020,63.551484729805516
2401 凌陽,2021,46.805704647604365
2401 凌陽,2022,27.168482532990403
2401 凌陽,2023,50.924945045408364
2401 凌陽,2024,62.141112837716214
2401 凌陽,2025,43.026900532726714
2402 毅嘉,2020,66.68966163990368
2402 毅嘉,2021,53.27040640637225
2402 毅嘉,2022,44.89480425166217
2402 毅嘉,2023,47.12785883738702
2402 毅嘉,2024,44.19837976213146
2402 毅嘉,2025,59.149601087878814
2404 漢唐,2020,54.299732985552914
2404 漢唐,2021,75.94865426629283
2404 漢唐,2022,53.91824728995387
2404 漢唐,2023,47.92421082892309
2404 漢唐,2024,72.56375167623558
2404 漢唐,2025,59.29325867157008
2405 輔信,2020,69.09327070865288
2405 輔信,2021,73.04102433057325
2405 輔信,2022,26.98450084272454
2405 輔信,2023,57.76258034552304
2405 輔信,2024,53.18992911615472
2405 輔信,2025,44.15602190286657
2406 國碩,2020,43.8583852937157
2406 國碩,2021,62.6217447691691
2406 國碩,2022,35.00862337363381
2406 國碩,2023,47.349997357359044
2406 國碩,2024,24.809834571278248
2406 國碩,2025,54.36040767382562
2408 南亞科,2020,56.924429723920056
2408 南亞科,2021,69.22916316933406
2408 南亞科,2022,31.62870366851374
2408 南亞科,2023,64.24681402771543
2408 南亞科,2024,32.027980035654465
2408 南亞科,2025,73.82325114711983
2409 友達,2020,37.02793185047353
2409 友達,2021,66.10104215026914
2409 友達,2022,36.42392516687682
2409 友達,2023,83.70237190147553
2409 友達,2024,32.6333452257172
2409 友達,2025,65.32994607353876
2412 中華電,2020,48.927192822788854
2412 中華電,2021,85.48472419560666
2412 中華電,2022,56.11549653273571
2412 中華電,2023,65.91345637966522
2412 中華電,2024,45.10430791057271
2412 中華電,2025,48.01147256394562
2413 環科,2020,54.38558278444275
2413 環科,2021,48.95943804575695
2413 環科,2022,24.013474958426528
2413 環科,2023,43.17240783742571
2413 環科,2024,54.957828887264924
2413 環科,2025,77.24956990455217
2414 精技,2020,54.81041174509163
2414 精技,2021,36.6427319415133
2414 精技,2022,45.096377355018674
2414 精技,2023,62.07651868850043
2414 精技,2024,36.27385306308219
2414 精技,2025,43.21372672157809
2415 錩新,2020,91.04763245907988
2415 錩新,2021,40.37618652402549
2415 錩新,2022,25.842015005445923
2415 錩新,2023,46.14345963179898
2415 錩新,2024,65.07925017006899
2415 錩新,2025,45.08086685829708
2417 圓剛,2020,50.364359791958805
2417 圓剛,2021,74.95400661713151
2417 圓剛,2022,39.02515907592246
2417 圓剛,2023,43.915818301398424
2417 圓剛,2024,68.93844217400488
2417 圓剛,2025,57.77685407609299
2419 仲琦,2020,44.97671022433277
2419 仲琦,2021,43.56189004978902
2419 仲琦,2022,30.85478259540459
2419 仲琦,2023,41.142657901712944
2419 仲琦,2024,45.59794700058216
2419 仲琦,2025,52.33931464029895
2420 新巨,2020,76.14495541995225
2420 新巨,2021,46.785052132001304
2420 新巨,2022,41.86377488570173
2420 新巨,2023,68.51292812189656
2420 新巨,2024,62.72912112175337
2420 新巨,2025,51.91095883450838
2421 建準,2020,63.193528661692575
2421 建準,2021,63.16849203039031
2421 建準,2022,29.144881201501004
2421 建準,2023,72.48177264530496
2421 建準,2024,43.97475242863292
2421 建準,2025,50.86862227101214
2423 固緯,2020,62.13450894526618
2423 固緯,2021,58.86329588405515
2423 固緯,2022,65.57285141340216
2423 固緯,2023,61.8685816811324
2423 固緯,2024,41.67356578213941
2423 固緯,2025,50.764830675489335
2424 隴華,2020,20.77515015590288
2424 隴華,2021,47.426943121217114
2424 隴華,2022,47.552914638362935
2424 隴華,2023,51.39480452155431
2424 隴華,2024,47.99179788344098
2424 隴華,2025,41.90732759264188
2425 承啟,2020,51.605353574737464
2425 承啟,2021,65.88810380700818
2425 承啟,2022,77.93298385131231
2425 承啟,2023,34.84569884624633
2425 承啟,2024,28.275836361478508
2425 承啟,2025,56.57778704482019
2426 鼎元,2020,77.08562744843994
2426 鼎元,2021,47.35356482926647
2426 鼎元,2022,27.118950467045146
2426 鼎元,2023,38.82305563406424
2426 鼎元,2024,54.278176369201184
2426 鼎元,2025,53.13728756355527
2427 三商電,2020,62.00321879116512
2427 三商電,2021,80.00365679319867
2427 三商電,2022,48.13907691139453
2427 三商電,2023,31.360821262843835
2427 三商電,2024,44.08809282008653
2427 三商電,2025,42.82997313707978
2428 興勤,2020,71.39067396709942
2428 興勤,2021,62.87660791773466
2428 興勤,2022,63.69340605829422
2428 興勤,2023,78.34673527887435
2428 興勤,2024,27.078292818602872
2428 興勤,2025,44.38125328540472
2429 銘旺科,2020,65.31097563914064
2429 銘旺科,2021,34.80548543827195
2429 銘旺科,2022,58.96821711416895
2429 銘旺科,2023,54.60948999852611
2429 銘旺科,2024,49.96035767445222
2429 銘旺科,2025,48.48674196490752
2430 燦坤,2020,84.61328076426786
2430 燦坤,2021,54.14640134630714
2430 燦坤,2022,79.67268660755232
2430 燦坤,2023,55.30373550629433
2430 燦坤,2024,31.786622491112453
2430 燦坤,2025,31.673563952760787
2431 聯昌,2020,48.043648046945265
2431 聯昌,2021,59.29101880979908
2431 聯昌,2022,23.49549845973017
2431 聯昌,2023,59.10400252509241
2431 聯昌,2024,43.77018516787041
2431 聯昌,2025,44.17878334924188
2433 互盛電,2020,52.888859772381515
2433 互盛電,2021,61.78724761744023
2433 互盛電,2022,58.062710222055834
2433 互盛電,2023,56.99937540870456
2433 互盛電,2024,43.7822668816096
2433 互盛電,2025,41.724611152125405
2434 統懋,2020,53.730818171039296
2434 統懋,2021,32.80538661807335
2434 統懋,2022,37.7790324631784
2434 統懋,2023,61.89491732355697
2434 統懋,2024,80.53109985906322
2434 統懋,2025,54.97567897550556
2436 偉詮電,2020,67.19260883764984
2436 偉詮電,2021,52.08483255427501
2436 偉詮電,2022,33.12551465560713
2436 偉詮電,2023,66.82210227229871
2436 偉詮電,2024,46.28204219042086
2436 偉詮電,2025,49.14205765304402
2438 翔耀,2020,52.57542664134392
2438 翔耀,2021,56.91744305265893
2438 翔耀,2022,59.99186501636272
2438 翔耀,2023,43.250037052105064
2438 翔耀,2024,29.20740879953907
2438 翔耀,2025,30.17482566276109
2439 美律,2020,43.20655623003475
2439 美律,2021,50.77660904704815
2439 美律,2022,46.81721686797384
2439 美律,2023,33.15760696094542
2439 美律,2024,58.69508902306446
2439 美律,2025,42.254759849835864
2440 太空梭,2020,56.198770553395626
2440 太空梭,2021,61.38717461229082
2440 太空梭,2022,41.10704175365492
2440 太空梭,2023,51.27778991720303
2440 太空梭,2024,48.54191713142678
2440 太空梭,2025,59.75651393724777
2441 超豐,2020,66.94900331828184
2441 超豐,2021,67.21146188130872
2441 超豐,2022,49.347058073902865
2441 超豐,2023,49.64157796286286
2441 超豐,2024,56.86897833905695
2441 超豐,2025,66.30335448281133
2442 新美齊,2020,52.7735894148704
2442 新美齊,2021,54.35255632898352
2442 新美齊,2022,53.19102710276773
2442 新美齊,2023,59.302234850214234
2442 新美齊,2024,49.95598469243781
2442 新美齊,2025,44.12237164778929
2444 兆勁,2020,44.96204662055877
2444 兆勁,2021,50.85563676092566
2444 兆勁,2022,35.7474496965437
2444 兆勁,2023,44.59313727483328
2444 兆勁,2024,77.74364649053366
2444 兆勁,2025,49.57662705276372
2449 京元電子,2020,54.79685178596322
2449 京元電子,2021,69.87832908946945
2449 京元電子,2022,47.14643219389717
2449 京元電子,2023,49.89518409518445
2449 京元電子,2024,36.819413090538454
2449 京元電子,2025,66.97076488543074
2450 神腦,2020,95.62761726079448
2450 神腦,2021,66.24616876027794
2450 神腦,2022,33.174371519555905
2450 神腦,2023,72.39766095567506
2450 神腦,2024,32.38476053466261
2450 神腦,2025,49.18322400275338
2451 創見,2020,55.63755422631297
2451 創見,2021,62.52189191484452
2451 創見,2022,42.45365942840251
2451 創見,2023,46.80887161758625
2451 創見,2024,26.9536743122639
2451 創見,2025,62.45720453066534
2453 凌群,2020,53.28119987335067
2453 凌群,2021,56.792581884070884
2453 凌群,2022,54.030993502392064
2453 凌群,2023,41.43648155361914
2453 凌群,2024,51.384888782546476
2453 凌群,2025,47.67330017271946
2454 聯發科,2020,71.90493238255169
2454 聯發科,2021,81.28661482460586
2454 聯發科,2022,22.87961760662231
2454 聯發科,2023,63.5368361573418
2454 聯發科,2024,58.93002848266503
2454 聯發科,2025,60.04598791410688
2455 全新,2020,59.51513346190866
2455 全新,2021,50.775262814027165
2455 全新,2022,50.938053198758496
2455 全新,2023,50.74593081784548
2455 全新,2024,48.67128713353292
2455 全新,2025,58.04829141537557
2457 飛宏,2020,57.664048256343214
2457 飛宏,2021,67.69809792629438
2457 飛宏,2022,42.0649577300431
2457 飛宏,2023,54.297973200577744
2457 飛宏,2024,37.62156160459752
2457 飛宏,2025,44.95495286780204
2458 義隆,2020,44.79661964978456
2458 義隆,2021,64.59688718428359
2458 義隆,2022,45.507300753629885
2458 義隆,2023,60.216457947395554
2458 義隆,2024,46.29527217788063
2458 義隆,2025,33.59764648790712
2459 敦吉,2020,53.33564911675391
2459 敦吉,2021,64.2568422193385
2459 敦吉,2022,39.458322498409274
2459 敦吉,2023,74.92506744319752
2459 敦吉,2024,48.93711185775651
2459 敦吉,2025,54.87264724679226
2460 建通,2020,45.3617454630547
2460 建通,2021,77.40799246111021
2460 建通,2022,29.45979816011764
2460 建通,2023,46.95519034712964
2460 建通,2024,33.017244580430685
2460 建通,2025,58.71500162688326
2461 光群雷,2020,65.3091497410033
2461 光群雷,2021,68.35233333953113
2461 光群雷,2022,41.78828813579455
2461 光群雷,2023,45.0185116136122
2461 光群雷,2024,49.16553068288639
2461 光群雷,2025,40.70484592183911
2462 良得電,2020,56.46411541702726
2462 良得電,2021,45.869278446110485
2462 良得電,2022,49.48416576628039
2462 良得電,2023,49.013208592408326
2462 良得電,2024,37.13351619750261
2462 良得電,2025,42.08633570185584
2464 盟立,2020,63.966239701341024
2464 盟立,2021,79.65984804434315
2464 盟立,2022,38.80153051692644
2464 盟立,2023,50.11997086726642
2464 盟立,2024,58.35337485596289
2464 盟立,2025,52.86297990724649
2465 麗臺,2020,52.732935655405
2465 麗臺,2021,47.17189960194593
2465 麗臺,2022,44.669577020357956
2465 麗臺,2023,37.72415570532858
2465 麗臺,2024,68.51267215450663
2465 麗臺,2025,46.23506415317125
2466 冠西電,2020,88.06376867179702
2466 冠西電,2021,65.8902516532808
2466 冠西電,2022,50.58479929766422
2466 冠西電,2023,62.65668724396233
2466 冠西電,2024,85.33120764400688
2466 冠西電,2025,60.848656519999956
2467 志聖,2020,56.40928742391736
2467 志聖,2021,73.61262345792828
2467 志聖,2022,33.88329644311515
2467 志聖,2023,59.873491732265464
2467 志聖,2024,44.78114197327332
2467 志聖,2025,71.53131876191365
2468 華經,2020,54.79829955523072
2468 華經,2021,77.96223355949151
2468 華經,2022,30.125209467639273
2468 華經,2023,35.722033096264376
2468 華經,2024,33.96644544247239
2468 華經,2025,43.91708698788718
2471 資通,2020,62.92605441243746
2471 資通,2021,57.26198712723589
2471 資通,2022,73.1803229723681
2471 資通,2023,28.963245218731025
2471 資通,2024,48.58227547251096
2471 資通,2025,47.74832006485534
2472 立隆電,2020,61.466375061655285
2472 立隆電,2021,68.06091897382947
2472 立隆電,2022,36.337190201886195
2472 立隆電,2023,62.61023822012758
2472 立隆電,2024,46.70264275145309
2472 立隆電,2025,54.20720291069559
2474 可成,2020,68.12832320324047
2474 可成,2021,55.37395022499568
2474 可成,2022,39.31158797330422
2474 可成,2023,63.37736393931975
2474 可成,2024,75.84922537296048
2474 可成,2025,64.87214213689117
2476 鉅祥,2020,65.58831328864846
2476 鉅祥,2021,68.98672590769198
2476 鉅祥,2022,26.0170136299043
2476 鉅祥,2023,58.75373926256735
2476 鉅祥,2024,50.60187133887638
2476 鉅祥,2025,39.55555970150368
2477 美隆電,2020,79.13831246935516
2477 美隆電,2021,50.15745681446159
2477 美隆電,2022,29.39164591519586
2477 美隆電,2023,69.23455918150762
2477 美隆電,2024,29.590009743752532
2477 美隆電,2025,48.8249471510582
2478 大毅,2020,65.87953567797781
2478 大毅,2021,61.844017857633716
2478 大毅,2022,32.505590942142796
2478 大毅,2023,44.05798172641982
2478 大毅,2024,44.268007807915595
2478 大毅,2025,47.43291843424102
2480 敦陽科,2020,63.989845035188054
2480 敦陽科,2021,61.75504432461639
2480 敦陽科,2022,73.2823318902445
2480 敦陽科,2023,51.871956916063986
2480 敦陽科,2024,64.81554746837928
2480 敦陽科,2025,49.93317275521095
2481 強茂,2020,77.60962955943566
2481 強茂,2021,47.31857442880544
2481 強茂,2022,21.8720365104232
2481 強茂,2023,35.598569838573205
2481 強茂,2024,54.239007218657896
2481 強茂,2025,43.20068798788548
2482 連宇,2020,61.49305563186432
2482 連宇,2021,58.917432130452
2482 連宇,2022,30.650778105629385
2482 連宇,2023,34.42781293345132
2482 連宇,2024,51.38662681187821
2482 連宇,2025,49.308478518219644
2483 百容,2020,67.19535748884796
2483 百容,2021,66.11953485484007
2483 百容,2022,36.96979896750853
2483 百容,2023,38.54076344277311
2483 百容,2024,47.600700389345064
2483 百容,2025,50.514852637615284
2484 希華,2020,67.87910403274911
2484 希華,2021,44.54293405652868
2484 希華,2022,37.92573695564628
2484 希華,2023,46.163085667813654
2484 希華,2024,52.308114134744
2484 希華,2025,39.707065927978455
2485 兆赫,2020,63.93183505532605
2485 兆赫,2021,54.57689160695472
2485 兆赫,2022,34.15690067340712
2485 兆赫,2023,42.665369216356744
2485 兆赫,2024,35.477222728924836
2485 兆赫,2025,56.0632616953754
2486 一詮,2020,51.294653781684765
2486 一詮,2021,45.744658309005295
2486 一詮,2022,43.433169982362195
2486 一詮,2023,75.46221376675824
2486 一詮,2024,63.38416783231763
2486 一詮,2025,52.616482155362796
2488 漢平,2020,66.20255349946532
2488 漢平,2021,67.52142226357218
2488 漢平,2022,36.61304753524508
2488 漢平,2023,47.74966524652418
2488 漢平,2024,29.746921383729664
2488 漢平,2025,54.88644736164995
2489 瑞軒,2020,63.990540916202654
2489 瑞軒,2021,54.23544921293346
2489 瑞軒,2022,59.9604751741485
2489 瑞軒,2023,63.59361187393537
2489 瑞軒,2024,31.654863500045828
2489 瑞軒,2025,57.54906819158965
2491 吉祥全,2020,56.39432692320675
2491 吉祥全,2021,42.995448175862116
2491 吉祥全,2022,28.11163225764364
2491 吉祥全,2023,57.46042601736361
2491 吉祥全,2024,79.22139734419984
2491 吉祥全,2025,51.65389881987312
2492 華新科,2020,63.56136883753849
2492 華新科,2021,49.82053421880043
2492 華新科,2022,42.854500012725325
2492 華新科,2023,37.17183237760761
2492 華新科,2024,41.652111995152964
2492 華新科,2025,50.48601443271361
2493 揚博,2020,58.547540792496946
2493 揚博,2021,86.12857867186285
2493 揚博,2022,52.3128416783888
2493 揚博,2023,57.43413973467446
2493 揚博,2024,42.58946355323798
2493 揚博,2025,66.6874304718608
2495 普安,2020,63.95371788764367
2495 普安,2021,50.87598882151255
2495 普安,2022,27.908319422475202
2495 普安,2023,61.53979901982283
2495 普安,2024,42.347250886917095
2495 普安,2025,71.5623980489886
2496 卓越,2020,63.572625452675155
2496 卓越,2021,53.2519013318747
2496 卓越,2022,65.3451050260061
2496 卓越,2023,66.12179899022588
2496 卓越,2024,63.69789269315399
2496 卓越,2025,48.44611006634838
2497 怡利電,2020,72.85337562076768
2497 怡利電,2021,55.74457342453242
2497 怡利電,2022,24.87365982822306
2497 怡利電,2023,48.34394911162022
2497 怡利電,2024,30.036434639521815
2497 怡利電,2025,69.13833244855314
2498 宏達電,2020,46.22917662308851
2498 宏達電,2021,53.38297986023348
2498 宏達電,2022,44.75413796889735
2498 宏達電,2023,56.64561424838494
2498 宏達電,2024,66.70863365507392
2498 宏達電,2025,45.36986708157315
2501 國建,2020,52.05048491956453
2501 國建,2021,51.301594037596196
2501 國建,2022,45.8879622447111
2501 國建,2023,84.13820201890641
2501 國建,2024,44.300146613498335
2501 國建,2025,58.57596524440242
2504 國產,2020,60.95570600944207
2504 國產,2021,52.93149360534264
2504 國產,2022,61.5075577636962
2504 國產,2023,52.5760384213251
2504 國產,2024,47.599821300780064
2504 國產,2025,64.23675837708859
2505 國揚,2020,45.733706844636316
2505 國揚,2021,80.06822573687013
2505 國揚,2022,28.234880297168292
2505 國揚,2023,93.71773389804989
2505 國揚,2024,76.01612137517169
2505 國揚,2025,71.51159064781321
2506 太設,2020,43.75102716621299
2506 太設,2021,53.84323702892282
2506 太設,2022,27.424222697609117
2506 太設,2023,67.28944517272686
2506 太設,2024,50.1030670186984
2506 太設,2025,35.170296538303184
2509 全坤建,2020,34.61920889484825
2509 全坤建,2021,69.76256053293241
2509 全坤建,2022,58.55314622213649
2509 全坤建,2023,55.55007021137909
2509 全坤建,2024,30.247900288686637
2509 全坤建,2025,69.19063649678264
2511 太子,2020,57.54703629839538
2511 太子,2021,57.04882899913102
2511 太子,2022,41.387583249135254
2511 太子,2023,36.04376446627223
2511 太子,2024,33.15931673843671
2511 太子,2025,44.81276717690342
2514 龍邦,2020,77.98417376664301
2514 龍邦,2021,54.35445807829938
2514 龍邦,2022,37.06883078930544
2514 龍邦,2023,54.41421738421277
2514 龍邦,2024,46.61739098375294
2514 龍邦,2025,62.218406281847074
2515 中工,2020,66.01033143496373
2515 中工,2021,75.32637748740395
2515 中工,2022,31.417850990798655
2515 中工,2023,62.9381146706259
2515 中工,2024,30.31559335352126
2515 中工,2025,38.36985557983167
2516 新建,2020,62.19905563210182
2516 新建,2021,92.91529783984453
2516 新建,2022,50.20974526133515
2516 新建,2023,61.14139672186523
2516 新建,2024,50.33078947382097
2516 新建,2025,47.4815599695736
2520 冠德,2020,49.6914839073448
2520 冠德,2021,45.091534109156406
2520 冠德,2022,68.35785268753922
2520 冠德,2023,58.55757674834361
2520 冠德,2024,37.87943627387542
2520 冠德,2025,49.68793915624985
2524 京城,2020,56.8901080558468
2524 京城,2021,53.9905059549899
2524 京城,2022,33.49479771552515
2524 京城,2023,57.52968783072438
2524 京城,2024,47.8087066226938
2524 京城,2025,51.50216195512739
2527 宏璟,2020,61.20438988378979
2527 宏璟,2021,39.451246411950244
2527 宏璟,2022,35.51726399884896
2527 宏璟,2023,54.71157164982004
2527 宏璟,2024,53.38078276451963
2527 宏璟,2025,59.19381761040579
2528 皇普,2020,54.98532336487138
2528 皇普,2021,48.577186928364384
2528 皇普,2022,50.53495848017534
2528 皇普,2023,65.96996223691221
2528 皇普,2024,67.03151936745707
2528 皇普,2025,48.209124877828586
2530 華建,2020,45.831764013171906
2530 華建,2021,51.12696892338143
2530 華建,2022,33.49413165934374
2530 華建,2023,67.95296033454427
2530 華建,2024,45.60366109905091
2530 華建,2025,53.027552044897895
2534 宏盛,2020,25.77640887849084
2534 宏盛,2021,62.280659129242686
2534 宏盛,2022,35.61441020575039
2534 宏盛,2023,45.93505123961189
2534 宏盛,2024,19.05085212504761
2534 宏盛,2025,57.54621094124435
2535 達欣工,2020,68.6598150627806
2535 達欣工,2021,84.02564258096714
2535 達欣工,2022,70.27665747275881
2535 達欣工,2023,63.3413174996006
2535 達欣工,2024,60.670440281989855
2535 達欣工,2025,53.92289018336598
2536 宏普,2020,60.48538906382955
2536 宏普,2021,56.30878223291405
2536 宏普,2022,63.460497803280916
2536 宏普,2023,68.2516910533167
2536 宏普,2024,72.79837520200006
2536 宏普,2025,43.561235324874445
2537 聯上發,2020,55.400392453091406
2537 聯上發,2021,53.3569253826746
2537 聯上發,2022,41.252139312328254
2537 聯上發,2023,30.802723597498204
2537 聯上發,2024,38.753972024203485
2537 聯上發,2025,63.07117778907819
2538 基泰,2020,66.0643283356061
2538 基泰,2021,43.888110778028114
2538 基泰,2022,80.85216335249243
2538 基泰,2023,47.04442832638514
2538 基泰,2024,28.119705979279914
2538 基泰,2025,54.91236687854004
2539 櫻花建,2020,57.12766275751391
2539 櫻花建,2021,39.56684880485838
2539 櫻花建,2022,45.61176657407467
2539 櫻花建,2023,46.78446538801641
2539 櫻花建,2024,60.5060986561416
2539 櫻花建,2025,56.282888600134164
2540 愛山林,2020,49.38201847596235
2540 愛山林,2021,41.58990804608544
2540 愛山林,2022,49.32888874875733
2540 愛山林,2023,47.413837097191916
2540 愛山林,2024,54.31293993865965
2540 愛山林,2025,54.0711389515599
2542 興富發,2020,56.74351797225895
2542 興富發,2021,41.41115805342641
2542 興富發,2022,38.77096568050547
2542 興富發,2023,45.106262779292514
2542 興富發,2024,43.85647328626533
2542 興富發,2025,68.70326690103776
2543 皇昌,2020,60.6281581729978
2543 皇昌,2021,62.71151763199278
2543 皇昌,2022,68.71293217783621
2543 皇昌,2023,20.48941357726941
2543 皇昌,2024,59.39152391325337
2543 皇昌,2025,42.900122304542734
2545 皇翔,2020,61.803418963335055
2545 皇翔,2021,69.12927879277375
2545 皇翔,2022,43.45940958391786
2545 皇翔,2023,75.53085905413333
2545 皇翔,2024,50.69035655963916
2545 皇翔,2025,53.2775183543641
2546 根基,2020,62.07202068976115
2546 根基,2021,63.38901879449664
2546 根基,2022,70.88652302799964
2546 根基,2023,75.39615912321247
2546 根基,2024,33.209938074130655
2546 根基,2025,44.607493520243494
2547 日勝生,2020,61.374780242559815
2547 日勝生,2021,87.13199323410592
2547 日勝生,2022,50.83921148074576
2547 日勝生,2023,32.249207918872784
2547 日勝生,2024,43.227694113363164
2547 日勝生,2025,53.75261087828937
2548 華固,2020,50.87414849008361
2548 華固,2021,45.72468197524642
2548 華固,2022,67.03366012362821
2548 華固,2023,58.38134223106084
2548 華固,2024,31.811830090936155
2548 華固,2025,66.29727939210251
2596 綠意,2020,38.93231218140662
2597 潤弘,2020,63.751039758583
2597 潤弘,2021,70.24183887840515
2597 潤弘,2022,73.82514822281466
2597 潤弘,2023,54.169983819932256
2597 潤弘,2024,47.6714070336067
2597 潤弘,2025,55.663656045729816
2601 益航,2020,60.19434010149233
2601 益航,2021,50.25919856481641
2601 益航,2022,42.740643067213995
2601 益航,2023,44.66746881355974
2601 益航,2024,39.80801678401754
2601 益航,2025,39.01569737041126
2603 長榮,2020,86.82047931639084
2603 長榮,2021,60.372914560691896
2603 長榮,2022,54.581586647892024
2603 長榮,2023,57.1550183166578
2603 長榮,2024,38.712675611226935
2603 長榮,2025,63.02685839040335
2605 新興,2020,73.35653367249806
2605 新興,2021,41.5581285678234
2605 新興,2022,44.03901145761067
2605 新興,2023,36.50964857841348
2605 新興,2024,40.908693091695866
2605 新興,2025,49.48532143658966
2606 裕民,2020,71.23634923261835
2606 裕民,2021,45.9705261259573
2606 裕民,2022,49.365393810418375
2606 裕民,2023,49.578867632248496
2606 裕民,2024,61.294635470021156
2606 裕民,2025,49.130955402912306
2607 榮運,2020,67.94010594157032
2607 榮運,2021,57.11932934302444
2607 榮運,2022,38.467208216140186
2607 榮運,2023,35.76336244516657
2607 榮運,2024,46.100304807676984
2607 榮運,2025,49.24118638403864
2608 嘉里大榮,2020,70.22769801805156
2608 嘉里大榮,2021,58.10074087561999
2608 嘉里大榮,2022,48.864854292497476
2608 嘉里大榮,2023,46.901788281594875
2608 嘉里大榮,2024,38.98106089410844
2608 嘉里大榮,2025,38.45895361957978
2609 陽明,2020,93.00646970464992
2609 陽明,2021,42.72538726389328
2609 陽明,2022,54.962171097344815
2609 陽明,2023,55.83194989339615
2609 陽明,2024,37.41743692076959
2609 陽明,2025,63.95298086457776
2610 華航,2020,56.895177529388796
2610 華航,2021,61.369347058443715
2610 華航,2022,50.10468821643964
2610 華航,2023,52.766183653395196
2610 華航,2024,38.40430425832629
2610 華航,2025,61.04698971430583
2611 志信,2020,81.0206640562688
2611 志信,2021,48.84358897154236
2611 志信,2022,44.514758656094955
2611 志信,2023,52.72426724441943
2611 志信,2024,25.255292406455876
2611 志信,2025,44.59916039939274
2612 中航,2020,61.32984567726641
2612 中航,2021,39.511038981435895
2612 中航,2022,58.80527541017323
2612 中航,2023,31.167441307998356
2612 中航,2024,47.10208499472979
2612 中航,2025,47.381606466201525
2613 中櫃,2020,68.25745652939369
2613 中櫃,2021,48.842965170972235
2613 中櫃,2022,50.58888924502914
2613 中櫃,2023,60.16663064262913
2613 中櫃,2024,59.56670538227327
2613 中櫃,2025,45.688326708413534
2614 東森,2020,59.66335520261015
2614 東森,2021,53.79124308871853
2614 東森,2022,52.665268363903635
2614 東森,2023,51.16571007396678
2614 東森,2024,29.0201010695336
2614 東森,2025,51.9048329394829
2615 萬海,2020,70.5642404021499
2615 萬海,2021,52.44906098376963
2615 萬海,2022,54.46468992767045
2615 萬海,2023,52.67919116291673
2615 萬海,2024,41.71230991410199
2615 萬海,2025,47.643349775106536
2616 山隆,2020,73.89839613267206
2616 山隆,2021,63.35980827195142
2616 山隆,2022,33.22591932208462
2616 山隆,2023,53.331495665786434
2616 山隆,2024,38.4293725030846
2616 山隆,2025,28.905651706346227
2617 台航,2020,57.82934726829995
2617 台航,2021,42.35149580512428
2617 台航,2022,55.4513937243708
2617 台航,2023,47.46790223456821
2617 台航,2024,49.9780654178547
2617 台航,2025,46.67334205460866
2618 長榮航,2020,43.089961864144065
2618 長榮航,2021,62.114532576182626
2618 長榮航,2022,51.71572786828842
2618 長榮航,2023,52.125793350126735
2618 長榮航,2024,40.26161323567741
2618 長榮航,2025,60.70538008772065
2630 亞航,2020,51.89999957823639
2630 亞航,2021,47.683701053132815
2630 亞航,2022,34.62597414476534
2630 亞航,2023,56.86829421994529
2630 亞航,2024,91.53879413786376
2630 亞航,2025,51.46477510399785
2633 台灣高鐵,2020,72.46849069298743
2633 台灣高鐵,2021,60.05871455545311
2633 台灣高鐵,2022,48.01605467209693
2633 台灣高鐵,2023,72.95782732757492
2633 台灣高鐵,2024,39.92336315920751
2633 台灣高鐵,2025,56.24627219775816
2634 漢翔,2020,56.64863177483338
2634 漢翔,2021,47.90513668574092
2634 漢翔,2022,66.59060692548523
2634 漢翔,2023,65.0648678639876
2634 漢翔,2024,65.818793044748
2634 漢翔,2025,47.67975139631969
2636 台驊控股,2020,53.193294683730365
2636 台驊控股,2021,45.641618785634805
2636 台驊控股,2022,53.88487255166533
2636 台驊控股,2023,45.00692073990688
2636 台驊控股,2024,57.90458788984694
2636 台驊控股,2025,57.44379156677568
2637 慧洋-KY,2020,57.17054532038443
2637 慧洋-KY,2021,56.803434712468395
2637 慧洋-KY,2022,44.918185998753785
2637 慧洋-KY,2023,51.5156369614944
2637 慧洋-KY,2024,52.56767364463999
2637 慧洋-KY,2025,52.086263063902734
2640 大車隊,2020,41.56060476687501
2641 正德,2020,77.8119603552274
2642 宅配通,2020,63.61682335563199
2642 宅配通,2021,43.10553341560657
2642 宅配通,2022,49.78850424099721
2642 宅配通,2023,48.191165392509475
2642 宅配通,2024,60.81386982645831
2642 宅配通,2025,38.939865426109975
2643 捷迅,2020,62.1989040537883
2645 長榮航太,2022,58.570812434481155
2645 長榮航太,2023,50.988732711879834
2645 長榮航太,2024,73.36467181891248
2645 長榮航太,2025,45.17317342214376
2646 星宇航空,2022,48.86689719564537
2646 星宇航空,2023,28.13200696444759
2646 星宇航空,2024,34.749120207437834
2646 星宇航空,2025,52.19138710662787
2701 萬企,2020,71.98993602362455
2701 萬企,2021,63.47349829821013
2701 萬企,2022,64.35806580720418
2701 萬企,2023,57.932473491129585
2701 萬企,2024,29.509266005953588
2701 萬企,2025,49.773628358912
2702 華園,2020,46.545459091903176
2702 華園,2021,46.21516858760606
2702 華園,2022,49.43593341271408
2702 華園,2023,72.69643458891345
2702 華園,2024,41.00161164386051
2702 華園,2025,55.52861632278503
2704 國賓,2020,59.492099138169905
2704 國賓,2021,52.063353701086356
2704 國賓,2022,61.620403591690696
2704 國賓,2023,58.23632814201727
2704 國賓,2024,39.32753617118191
2704 國賓,2025,47.40015577943335
2705 六福,2020,47.66956796648406
2705 六福,2021,55.07567525976358
2705 六福,2022,49.390241906021096
2705 六福,2023,65.92454166792578
2705 六福,2024,49.45236501984142
2705 六福,2025,47.76191068308104
2706 第一店,2020,66.75490417958082
2706 第一店,2021,59.03580070212637
2706 第一店,2022,53.7368489007934
2706 第一店,2023,60.6682408266255
2706 第一店,2024,42.358173435260746
2706 第一店,2025,38.83155081686925
2707 晶華,2020,40.804967006891985
2707 晶華,2021,55.464163924596434
2707 晶華,2022,52.87879203080937
2707 晶華,2023,59.80145750489323
2707 晶華,2024,45.516101255669945
2707 晶華,2025,44.055588593455724
2712 遠雄來,2020,80.42054716479564
2712 遠雄來,2021,95.74650010175134
2712 遠雄來,2022,25.133152932009477
2712 遠雄來,2023,47.63092175507537
2712 遠雄來,2024,86.29887174155832
2712 遠雄來,2025,44.20401716097586
2718 全心投資控股,2020,76.08636947117935
2719 燦星旅,2020,43.835877100737264
2722 夏都,2020,81.04809822279056
2722 夏都,2021,82.96560543926681
2722 夏都,2022,40.27220164149552
2722 夏都,2023,73.32627450712285
2722 夏都,2024,51.82247220586868
2722 夏都,2025,35.016397990208276
2723 美食-KY,2020,35.194650283455715
2723 美食-KY,2021,43.29917946659362
2723 美食-KY,2022,66.05809825159412
2723 美食-KY,2023,69.29754973967911
2723 美食-KY,2024,43.173598847670206
2723 美食-KY,2025,57.77127782997658
2724 藝舍-KY,2020,49.52599616207516
2726 雅茗-KY,2020,57.34991793161777
2727 王品,2020,37.310430068630716
2727 王品,2021,49.41221678724726
2727 王品,2022,61.05278564489338
2727 王品,2023,65.71177122758735
2727 王品,2024,41.39977607638721
2727 王品,2025,53.80091533953688
2729 瓦城,2020,40.69172783683862
2731 雄獅,2020,42.6298214369136
2731 雄獅,2021,49.23279813088137
2731 雄獅,2022,65.28279661403899
2731 雄獅,2023,53.208919065372875
2731 雄獅,2024,56.10148096917407
2731 雄獅,2025,43.096481910516346
2732 六角,2020,44.204363673476706
2734 易飛網,2020,47.49541022962408
2736 富野,2020,52.80605478249781
2739 寒舍,2020,32.30868317125455
2739 寒舍,2021,49.94117932510893
2739 寒舍,2022,50.58293265648286
2739 寒舍,2023,67.01152175297139
2739 寒舍,2024,33.975993671016035
2739 寒舍,2025,52.17115818123803
2740 華軒,2020,39.77433809520417
2743 山富,2020,58.72532354920029
2745 五福,2020,53.46422916336929
2748 雲品,2020,59.586240034666915
2748 雲品,2021,49.956803923375965
2748 雲品,2022,54.4186887204278
2748 雲品,2023,67.98272040267085
2748 雲品,2024,29.866068897293946
2748 雲品,2025,41.87177949337201
2752 豆府,2020,52.47334824986727
2753 八方雲集,2020,21.428729300938873
2753 八方雲集,2021,53.30215513694178
2753 八方雲集,2022,69.26011643431978
2753 八方雲集,2023,54.77644302138624
2753 八方雲集,2024,58.75925476869816
2753 八方雲集,2025,49.98328083528089
2754 亞洲藏壽司,2020,39.37671412137084
2755 揚秦,2020,18.365021073349993
2762 世界健身-KY,2024,48.97487941536583
2762 世界健身-KY,2025,42.310123478182895
2801 彰銀,2020,72.183632068971
2801 彰銀,2021,67.66669445153205
2801 彰銀,2022,35.97171056710012
2801 彰銀,2023,60.94398414541287
2801 彰銀,2024,53.804608734170664
2801 彰銀,2025,46.39378924658276
2812 台中銀,2020,53.42463850890729
2812 台中銀,2021,71.26406604992215
2812 台中銀,2022,35.042520691602405
2812 台中銀,2023,48.79881803743821
2812 台中銀,2024,51.15104963638887
2812 台中銀,2025,34.658319963464805
2816 旺旺保,2020,75.19508491686854
2816 旺旺保,2021,65.61366051154725
2816 旺旺保,2022,49.84769279719322
2816 旺旺保,2023,49.44792696669132
2816 旺旺保,2024,37.82204835447864
2816 旺旺保,2025,44.96826832466976
2820 華票,2020,57.257086391251455
2820 華票,2021,57.55258870588024
2820 華票,2022,39.85193351633329
2820 華票,2023,73.38608013637786
2820 華票,2024,44.54688311560585
2820 華票,2025,58.610615527082224
2832 台產,2020,63.71727340563801
2832 台產,2021,84.22544952540036
2832 台產,2022,50.72927059391128
2832 台產,2023,75.67719118440422
2832 台產,2024,37.323263753696494
2832 台產,2025,44.77861271685939
2834 臺企銀,2020,65.3097098719474
2834 臺企銀,2021,69.55103249358872
2834 臺企銀,2022,53.18687793845645
2834 臺企銀,2023,58.88698085219757
2834 臺企銀,2024,44.11588103087513
2834 臺企銀,2025,51.85605758347599
2836 高雄銀,2020,77.7230708238229
2836 高雄銀,2021,82.51407647411187
2836 高雄銀,2022,37.658621981316564
2836 高雄銀,2023,44.28990519005434
2836 高雄銀,2024,42.49812443716793
2836 高雄銀,2025,51.016428786853915
2838 聯邦銀,2020,74.03517734682258
2838 聯邦銀,2021,74.61370738225754
2838 聯邦銀,2022,48.120725057496664
2838 聯邦銀,2023,69.15941119095447
2838 聯邦銀,2024,39.30460897410934
2838 聯邦銀,2025,48.98698621735387
2845 遠東銀,2020,74.57642206966729
2845 遠東銀,2021,61.297532874245434
2845 遠東銀,2022,38.469452306127685
2845 遠東銀,2023,54.69971823115958
2845 遠東銀,2024,37.72596427169425
2845 遠東銀,2025,55.440908669301635
2849 安泰銀,2020,68.66619073322424
2849 安泰銀,2021,43.06306041062592
2849 安泰銀,2022,54.12468546993862
2849 安泰銀,2023,53.64572402523486
2849 安泰銀,2024,41.238414258977045
2849 安泰銀,2025,58.94162913641171
2850 新產,2020,60.03576113481056
2850 新產,2021,66.91216470680266
2850 新產,2022,62.493069029144365
2850 新產,2023,46.37748365685261
2850 新產,2024,62.273901809840716
2850 新產,2025,50.59139081531821
2851 中再保,2020,75.05703737463408
2851 中再保,2021,87.33272728886354
2851 中再保,2022,21.889377573108202
2851 中再保,2023,52.8277744468415
2851 中再保,2024,50.540451726671506
2851 中再保,2025,53.19519593431789
2852 第一保,2020,66.03842001663858
2852 第一保,2021,68.3252422163107
2852 第一保,2022,53.50287019494455
2852 第一保,2023,62.58181878770914
2852 第一保,2024,55.257992266682265
2852 第一保,2025,47.751282893869785
2855 統一證,2020,79.17590317630649
2855 統一證,2021,75.72874847276168
2855 統一證,2022,36.59673715506984
2855 統一證,2023,66.02843069607111
2855 統一證,2024,34.11127311964289
2855 統一證,2025,43.64416115336378
2867 三商壽,2020,65.51838872748158
2867 三商壽,2021,62.17174383699257
2867 三商壽,2022,38.56348519083445
2867 三商壽,2023,62.363541128826064
2867 三商壽,2024,28.289660413017458
2867 三商壽,2025,68.92002262938261
2880 華南金,2020,66.78144875502078
2880 華南金,2021,67.86133243708665
2880 華南金,2022,45.75702430913508
2880 華南金,2023,63.73758348003415
2880 華南金,2024,44.64518202132972
2880 華南金,2025,49.74759901835798
2881 富邦金,2020,66.07923300888194
2881 富邦金,2021,67.50822702258455
2881 富邦金,2022,41.11760324358672
2881 富邦金,2023,64.44805239311712
2881 富邦金,2024,36.44322007654292
2881 富邦金,2025,52.72997646823402
2882 國泰金,2020,73.36095701248078
2882 國泰金,2021,70.69988697905933
2882 國泰金,2022,34.210204549384784
2882 國泰金,2023,64.16350749030009
2882 國泰金,2024,44.19328888200198
2882 國泰金,2025,70.64367852665583
2883 凱基金,2020,63.77960330253581
2883 凱基金,2021,77.02728190831759
2883 凱基金,2022,36.859752170414964
2883 凱基金,2023,66.03832253638822
2883 凱基金,2024,30.386980882709082
2883 凱基金,2025,58.79002976673837
2884 玉山金,2020,64.99531660428767
2884 玉山金,2021,64.26004762647258
2884 玉山金,2022,42.7576557902331
2884 玉山金,2023,69.9374866045876
2884 玉山金,2024,35.433208236611
2884 玉山金,2025,65.21212456964334
2885 元大金,2020,77.85667775611972
2885 元大金,2021,71.40536204951161
2885 元大金,2022,36.62005167721666
2885 元大金,2023,77.46737393388634
2885 元大金,2024,39.37065418427454
2885 元大金,2025,59.75490372680971
2886 兆豐金,2020,65.70458624483463
2886 兆豐金,2021,54.539372867086975
2886 兆豐金,2022,37.30061161990415
2886 兆豐金,2023,58.38792891510048
2886 兆豐金,2024,35.908813198192156
2886 兆豐金,2025,42.62141995562781
2887 台新新光金,2020,66.79784061905185
2887 台新新光金,2021,68.9692870026953
2887 台新新光金,2022,52.360349112968976
2887 台新新光金,2023,69.05817674891911
2887 台新新光金,2024,42.91919884193408
2887 台新新光金,2025,57.85923054444019
2889 國票金,2020,63.74608636019147
2889 國票金,2021,75.66347423168716
2889 國票金,2022,39.20845848027665
2889 國票金,2023,88.6881590945954
2889 國票金,2024,39.19734886875991
2889 國票金,2025,56.00289682919101
2890 永豐金,2020,70.23318120196556
2890 永豐金,2021,65.85346828053564
2890 永豐金,2022,41.74843065517603
2890 永豐金,2023,59.945573738870436
2890 永豐金,2024,33.37064305568669
2890 永豐金,2025,60.48181933824613
2891 中信金,2020,65.93967370036363
2891 中信金,2021,60.47178991364501
2891 中信金,2022,47.69657094921766
2891 中信金,2023,67.56598374571414
2891 中信金,2024,44.916245583786164
2891 中信金,2025,76.94865326740697
2892 第一金,2020,78.81165806760548
2892 第一金,2021,75.06014759370827
2892 第一金,2022,59.74075856415952
2892 第一金,2023,59.57852207902573
2892 第一金,2024,36.92021386978162
2892 第一金,2025,57.76735687869971
2897 王道銀行,2020,87.47484248819417
2897 王道銀行,2021,76.4924146492787
2897 王道銀行,2022,53.60369874506294
2897 王道銀行,2023,59.41458037027313
2897 王道銀行,2024,58.59854162744559
2897 王道銀行,2025,51.22930058604332
2901 欣欣,2020,56.69600360945148
2901 欣欣,2021,71.73669884352756
2901 欣欣,2022,54.689826705232534
2901 欣欣,2023,71.84121330168789
2901 欣欣,2024,50.32162812928528
2901 欣欣,2025,42.72724260772932
2903 遠百,2020,44.33413115971606
2903 遠百,2021,59.96993858911965
2903 遠百,2022,57.474155363527835
2903 遠百,2023,38.98849242328785
2903 遠百,2024,9.436975597927963
2903 遠百,2025,35.12633630614222
2904 匯僑,2020,61.51546690713266
2904 匯僑,2021,62.90779762162975
2904 匯僑,2022,50.90209423493428
2904 匯僑,2023,39.66527947606499
2904 匯僑,2024,27.701183942125922
2904 匯僑,2025,45.80493814102167
2905 三商,2020,54.47677039723455
2905 三商,2021,58.05721527119184
2905 三商,2022,46.86544133591358
2905 三商,2023,52.17084650081898
2905 三商,2024,34.139533168516174
2905 三商,2025,47.89014665683721
2906 高林,2020,71.69448362908983
2906 高林,2021,38.40602829559767
2906 高林,2022,60.98687873807731
2906 高林,2023,55.50459291359462
2906 高林,2024,50.076069248357946
2906 高林,2025,38.007188780804654
2908 特力,2020,52.615615825535734
2908 特力,2021,60.16116386039171
2908 特力,2022,30.2630769778008
2908 特力,2023,61.759736661748164
2908 特力,2024,46.33289968596582
2908 特力,2025,45.343485962758145
2910 統領,2020,85.7049198006448
2910 統領,2021,67.57053766451233
2910 統領,2022,40.230456648538116
2910 統領,2023,44.4843179489039
2910 統領,2024,5.388545979006339
2910 統領,2025,40.176720391340446
2911 麗嬰房,2020,72.65154180480828
2911 麗嬰房,2021,68.1580800388006
2911 麗嬰房,2022,48.18129115141018
2911 麗嬰房,2023,53.08789369487018
2911 麗嬰房,2024,13.356288111585158
2911 麗嬰房,2025,77.4410585564612
2912 統一超,2020,55.20818463064605
2912 統一超,2021,47.340765584828425
2912 統一超,2022,58.59642994800039
2912 統一超,2023,64.2795292300441
2912 統一超,2024,35.6618949590179
2912 統一超,2025,34.522750345243416
2913 農林,2020,66.47902173224611
2913 農林,2021,76.4326080750819
2913 農林,2022,28.684771340383975
2913 農林,2023,44.19074594071866
2913 農林,2024,37.677877281152234
2913 農林,2025,39.39859705838886
2915 潤泰全,2020,60.67137816004742
2915 潤泰全,2021,61.66774495746895
2915 潤泰全,2022,36.937931435415365
2915 潤泰全,2023,71.33563922128127
2915 潤泰全,2024,37.47497208261003
2915 潤泰全,2025,52.44162117926216
2916 滿心,2020,64.74725028199815
2923 鼎固-KY,2020,55.739110187116815
2923 鼎固-KY,2021,64.93684435327137
2923 鼎固-KY,2022,48.03768448030194
2923 鼎固-KY,2023,69.66036720056468
2923 鼎固-KY,2024,31.617682253198964
2923 鼎固-KY,2025,43.63171535778536
2924 宏太-KY,2020,45.702822598593826
2926 誠品生活,2020,47.348762865064984
2929 淘帝-KY,2020,72.18247469452216
2929 淘帝-KY,2021,47.56406956748569
2929 淘帝-KY,2022,55.37264995565915
2929 淘帝-KY,2023,39.90621520335936
2929 淘帝-KY,2024,35.836304041280094
2929 淘帝-KY,2025,44.45980970986447
2937 集雅社,2020,47.182582761121324
2939 永邑-KY,2020,45.377577977715085
2939 永邑-KY,2021,57.75365869045722
2939 永邑-KY,2022,32.828991968622056
2939 永邑-KY,2023,23.88513194818263
2939 永邑-KY,2024,55.332777023084226
2939 永邑-KY,2025,37.13804118600124
2945 三商家購,2020,53.75306451943915
2945 三商家購,2021,26.242037381701554
2945 三商家購,2022,64.8678316052054
2945 三商家購,2023,57.620405462541314
2945 三商家購,2024,34.39834286493511
2945 三商家購,2025,48.423941415996616
2947 振宇五金,2020,40.45472044638097
2948 寶陞,2020,15.026869103314535
3002 歐格,2020,61.34981032976262
3002 歐格,2021,67.94457784015172
3002 歐格,2022,26.825770389085076
3002 歐格,2023,44.59635526100001
3002 歐格,2024,51.79391343965495
3002 歐格,2025,44.22749937629943
3003 健和興,2020,77.90597901515774
3003 健和興,2021,44.36867735713955
3003 健和興,2022,43.75488163195893
3003 健和興,2023,50.224611041009716
3003 健和興,2024,56.63329079894017
3003 健和興,2025,55.339696000172665
3004 豐達科,2020,53.07800813728066
3004 豐達科,2021,53.04176564028646
3004 豐達科,2022,42.294113100320544
3004 豐達科,2023,54.79850319013108
3004 豐達科,2024,66.36827701194957
3004 豐達科,2025,52.570302027951286
3005 神基,2020,63.945693329562836
3005 神基,2021,79.59669394285196
3005 神基,2022,63.81700597496117
3005 神基,2023,64.70562647769802
3005 神基,2024,43.06583915490102
3005 神基,2025,37.181039533288654
3006 晶豪科,2020,69.09924775141546
3006 晶豪科,2021,51.15899921929711
3006 晶豪科,2022,31.051456753338307
3006 晶豪科,2023,48.83536349499828
3006 晶豪科,2024,37.81928728653896
3006 晶豪科,2025,76.62829316412687
3008 大立光,2020,35.30651942778034
3008 大立光,2021,76.25970736344209
3008 大立光,2022,24.170194970540475
3008 大立光,2023,79.55624655304543
3008 大立光,2024,72.1867972534207
3008 大立光,2025,75.5627308821811
3010 華立,2020,49.80191672454627
3010 華立,2021,74.46899446473441
3010 華立,2022,35.985709233825546
3010 華立,2023,42.21401832498715
3010 華立,2024,36.812946764514834
3010 華立,2025,42.94147480275808
3011 今皓,2020,79.92741096953999
3011 今皓,2021,56.43981243715398
3011 今皓,2022,62.255497443499806
3011 今皓,2023,32.128522521283145
3011 今皓,2024,16.441108911560857
3011 今皓,2025,62.09932495103292
3013 晟銘電,2020,58.53040019080229
3013 晟銘電,2021,62.646791633469554
3013 晟銘電,2022,29.200338272875065
3013 晟銘電,2023,45.17874707428205
3013 晟銘電,2024,56.91170882479513
3013 晟銘電,2025,50.4040672584132
3014 聯陽,2020,48.315707800326045
3014 聯陽,2021,66.6408778267187
3014 聯陽,2022,55.09765073993071
3014 聯陽,2023,43.84440178699417
3014 聯陽,2024,64.14816892349238
3014 聯陽,2025,38.897754811098665
3015 全漢,2020,46.402897869302464
3015 全漢,2021,78.29652130947643
3015 全漢,2022,45.36123474579406
3015 全漢,2023,34.084348335530066
3015 全漢,2024,46.82264827892696
3015 全漢,2025,41.210202790693046
3016 嘉晶,2020,48.60810601232731
3016 嘉晶,2021,44.4897167217432
3016 嘉晶,2022,30.408643152786023
3016 嘉晶,2023,38.40797943150528
3016 嘉晶,2024,41.68510152310132
3016 嘉晶,2025,48.891392893052505
3017 奇鋐,2020,33.64359538423383
3017 奇鋐,2021,55.664225242567376
3017 奇鋐,2022,50.7981385177714
3017 奇鋐,2023,76.59346022516964
3017 奇鋐,2024,30.766728008516452
3017 奇鋐,2025,61.34319010538466
3018 隆銘綠能,2020,39.30217561987634
3018 隆銘綠能,2021,67.62061230256533
3018 隆銘綠能,2022,23.413231126978786
3018 隆銘綠能,2023,64.7123977363191
3018 隆銘綠能,2024,42.79938651132981
3018 隆銘綠能,2025,35.449356789473654
3019 亞光,2020,55.63554328414164
3019 亞光,2021,51.13375461747296
3019 亞光,2022,32.43697278942257
3019 亞光,2023,55.4738703362369
3019 亞光,2024,82.91804655243085
3019 亞光,2025,49.8023666333925
3021 鴻名,2020,70.38171277738675
3021 鴻名,2021,50.3313685515961
3021 鴻名,2022,38.55219641979477
3021 鴻名,2023,30.34555392558894
3021 鴻名,2024,31.018263372610626
3021 鴻名,2025,58.676049566568025
3022 威強電,2020,62.40469814123584
3022 威強電,2021,82.04643327389866
3022 威強電,2022,29.380941254174903
3022 威強電,2023,59.957485157844246
3022 威強電,2024,47.086583916391334
3022 威強電,2025,42.71135718017972
3023 信邦,2020,61.64096887385677
3023 信邦,2021,59.60312764399032
3023 信邦,2022,42.912207813872676
3023 信邦,2023,61.32979319919089
3023 信邦,2024,54.13419261896847
3023 信邦,2025,29.06900513153003
3024 憶聲,2020,48.1857131127806
3024 憶聲,2021,62.72248602818633
3024 憶聲,2022,50.92322098189288
3024 憶聲,2023,62.47162276942838
3024 憶聲,2024,34.53532374212852
3024 憶聲,2025,53.94898377038791
3025 星通,2020,54.9503085257409
3025 星通,2021,47.97790248917632
3025 星通,2022,44.12128809164247
3025 星通,2023,38.29716063766634
3025 星通,2024,50.655001729764415
3025 星通,2025,63.42982348179886
3026 禾伸堂,2020,56.525354441207874
3026 禾伸堂,2021,55.54242926821317
3026 禾伸堂,2022,64.95567189062386
3026 禾伸堂,2023,31.017654330771027
3026 禾伸堂,2024,37.169278117398186
3026 禾伸堂,2025,48.48305247277799
3027 盛達,2020,44.857508600557914
3027 盛達,2021,57.84507840769707
3027 盛達,2022,39.14514427823585
3027 盛達,2023,65.10877952638143
3027 盛達,2024,39.85953868604801
3027 盛達,2025,44.58998161128617
3028 增你強,2020,52.209158743886064
3028 增你強,2021,66.5951357280228
3028 增你強,2022,72.12121123892497
3028 增你強,2023,52.49019528389012
3028 增你強,2024,7.142558015783604
3028 增你強,2025,48.99403465921435
3029 零壹,2020,53.140195302949145
3029 零壹,2021,67.53341246111569
3029 零壹,2022,48.56350715530162
3029 零壹,2023,60.45225431198566
3029 零壹,2024,48.637765696485474
3029 零壹,2025,50.35068379680219
3030 德律,2020,61.98277569426589
3030 德律,2021,81.09280109924968
3030 德律,2022,40.397109873219236
3030 德律,2023,72.17785653125136
3030 德律,2024,40.88321442638348
3030 德律,2025,66.52782658861875
3031 佰鴻,2020,82.9496859108529
3031 佰鴻,2021,50.996145592458845
3031 佰鴻,2022,36.35356841325701
3031 佰鴻,2023,55.276190882057286
3031 佰鴻,2024,75.59516567569753
3031 佰鴻,2025,48.88506839594375
3032 偉訓,2020,46.317010907323
3032 偉訓,2021,74.45005511166293
3032 偉訓,2022,54.700570835351726
3032 偉訓,2023,52.87109990516837
3032 偉訓,2024,42.97374673106681
3032 偉訓,2025,38.689751645145215
3033 威健,2020,54.79655342654532
3033 威健,2021,61.68017677141838
3033 威健,2022,40.06576978402182
3033 威健,2023,55.133443520258865
3033 威健,2024,29.748861850702795
3033 威健,2025,51.585136874210406
3034 聯詠,2020,85.69318133974532
3034 聯詠,2021,64.99750302218422
3034 聯詠,2022,60.32951816491661
3034 聯詠,2023,60.94218008362594
3034 聯詠,2024,63.291202982738206
3034 聯詠,2025,39.908877916760595
3035 智原,2020,51.43075611303093
3035 智原,2021,61.279977759000495
3035 智原,2022,24.949972304330956
3035 智原,2023,45.566613950142894
3035 智原,2024,58.902128993129985
3035 智原,2025,54.20570188703604
3036 文曄,2020,45.036794374396855
3036 文曄,2021,93.3757040008716
3036 文曄,2022,35.582437600970025
3036 文曄,2023,38.75986531714929
3036 文曄,2024,55.42017376110556
3036 文曄,2025,39.04470247921394
3037 欣興,2020,63.76231586742917
3037 欣興,2021,53.43543679325894
3037 欣興,2022,24.486045273395813
3037 欣興,2023,50.68358156696141
3037 欣興,2024,34.19914755310012
3037 欣興,2025,62.69951626469806
3038 全台,2020,58.077752190523746
3038 全台,2021,56.72397872219152
3038 全台,2022,40.09781022643929
3038 全台,2023,47.42069237653892
3038 全台,2024,72.89219938714689
3038 全台,2025,66.34314439627764
3040 遠見,2020,57.19557902711859
3040 遠見,2021,55.169146417424066
3040 遠見,2022,35.08968045053966
3040 遠見,2023,40.4371348300497
3040 遠見,2024,66.77136701193099
3040 遠見,2025,38.44695755519186
3041 揚智,2020,53.54073934290253
3041 揚智,2021,67.44620279085348
3041 揚智,2022,37.880864716244766
3041 揚智,2023,44.71532961664542
3041 揚智,2024,58.8773462603919
3041 揚智,2025,34.366250853396494
3042 晶技,2020,52.60370451730567
3042 晶技,2021,49.995896457278164
3042 晶技,2022,49.63305189678583
3042 晶技,2023,48.504590408700224
3042 晶技,2024,26.67759904617632
3042 晶技,2025,35.42742585855721
3043 科風,2020,46.079463725479386
3043 科風,2021,66.69757752526272
3043 科風,2022,31.626687572820934
3043 科風,2023,31.644653024532452
3043 科風,2024,29.63230741884529
3043 科風,2025,44.3561691333532
3044 健鼎,2020,40.367623445612885
3044 健鼎,2021,62.71029870964222
3044 健鼎,2022,39.671020779762785
3044 健鼎,2023,48.17086576971764
3044 健鼎,2024,54.628744824890084
3044 健鼎,2025,55.51780102882602
3045 台灣大,2020,48.94053338536738
3045 台灣大,2021,62.424057269350065
3045 台灣大,2022,52.98240168070406
3045 台灣大,2023,57.43027764247471
3045 台灣大,2024,41.6010171513478
3045 台灣大,2025,53.79545554584849
3046 建碁,2020,42.46071453632129
3046 建碁,2021,47.66334646044583
3046 建碁,2022,44.76761519314777
3046 建碁,2023,50.48690290710287
3046 建碁,2024,33.229187312143
3046 建碁,2025,56.33824329002907
3047 訊舟,2020,44.159599161973695
3047 訊舟,2021,69.73855539980691
3047 訊舟,2022,25.300559562302272
3047 訊舟,2023,50.56140792448494
3047 訊舟,2024,38.027099043650026
3047 訊舟,2025,47.84000769742252
3048 益登,2020,54.04366849574136
3048 益登,2021,65.91148279385295
3048 益登,2022,29.668469927037165
3048 益登,2023,60.91826244685395
3048 益登,2024,44.7209658494233
3048 益登,2025,58.15800647401675
3049 精金,2020,49.83493091148843
3049 精金,2021,66.69978858516691
3049 精金,2022,30.84066150975361
3049 精金,2023,57.048045796577576
3049 精金,2024,25.732377586160464
3049 精金,2025,36.219752377662054
3050 鈺德,2020,50.480901875293846
3050 鈺德,2021,48.52571037042389
3050 鈺德,2022,48.9623307276126
3050 鈺德,2023,45.77176656021418
3050 鈺德,2024,35.31286680220144
3050 鈺德,2025,60.68345557793029
3051 力特,2020,74.12161751817874
3051 力特,2021,39.98512278979048
3051 力特,2022,29.580320521326758
3051 力特,2023,42.70635233033693
3051 力特,2024,54.79227090115231
3051 力特,2025,46.2191319748113
3052 夆典,2020,54.67235786041211
3052 夆典,2021,72.61057053056162
3052 夆典,2022,46.629940525965104
3052 夆典,2023,55.79558027861934
3052 夆典,2024,29.529397672917547
3052 夆典,2025,66.01131711390997
3054 立萬利,2020,77.48137269209387
3054 立萬利,2021,75.41009866944268
3054 立萬利,2022,57.35888780034158
3054 立萬利,2023,84.2282096594813
3054 立萬利,2024,68.0456166144936
3054 立萬利,2025,89.92514229956998
3055 蔚華科,2020,37.19667289885172
3055 蔚華科,2021,76.32353482955268
3055 蔚華科,2022,50.833617794951245
3055 蔚華科,2023,47.90557983003836
3055 蔚華科,2024,43.9338356047722
3055 蔚華科,2025,59.31841131056436
3056 富華新,2020,64.67692869041116
3056 富華新,2021,48.02688932933786
3056 富華新,2022,64.77854567017218
3056 富華新,2023,57.3813488889121
3056 富華新,2024,52.74982188070451
3056 富華新,2025,42.93358562790503
3057 喬鼎,2020,67.11924254506955
3057 喬鼎,2021,51.31191502552199
3057 喬鼎,2022,39.44355903402737
3057 喬鼎,2023,53.15669767918998
3057 喬鼎,2024,37.03906546259219
3057 喬鼎,2025,69.69761242384371
3058 立德,2020,61.35759204465607
3058 立德,2021,42.54524043080784
3058 立德,2022,44.06311715065919
3058 立德,2023,34.00089449661323
3058 立德,2024,51.14298663549671
3058 立德,2025,49.102406905651506
3059 華晶科,2020,55.536492851351404
3059 華晶科,2021,52.02350509552858
3059 華晶科,2022,29.194477127738356
3059 華晶科,2023,48.91174053767907
3059 華晶科,2024,58.99263913106032
3059 華晶科,2025,38.574681830866865
3060 銘異,2020,68.4022915827066
3060 銘異,2021,47.5864824855398
3060 銘異,2022,28.17993014585958
3060 銘異,2023,67.62351024686677
3060 銘異,2024,53.41485527179657
3060 銘異,2025,53.45955057669379
3062 建漢,2020,63.78977210687159
3062 建漢,2021,48.97764441025894
3062 建漢,2022,30.276850028183034
3062 建漢,2023,39.794135940664056
3062 建漢,2024,61.47439677307504
3062 建漢,2025,42.71982174536015
3064 泰偉,2020,46.23465398178901
3066 李洲,2020,55.38315984314997
3067 全域,2020,46.00892293680423
3071 協禧,2020,64.58971352134633
3073 天方能源,2020,63.20694670759997
3078 僑威,2020,48.4294828609289
3081 聯亞,2020,48.42699457994525
3083 網龍,2020,62.83313855884932
3085 新零售,2020,57.38706958790275
3086 華義*,2020,86.67356971592208
3088 艾訊,2020,38.0675024744583
3090 日電貿,2020,57.34450797425732
3090 日電貿,2021,57.70533155216495
3090 日電貿,2022,50.10948766109025
3090 日電貿,2023,45.90924293203777
3090 日電貿,2024,52.99773387480371
3090 日電貿,2025,60.61634994554564
3092 鴻碩,2020,67.29853500330597
3092 鴻碩,2021,70.51173622350292
3092 鴻碩,2022,30.94870904153345
3092 鴻碩,2023,59.15927325135766
3092 鴻碩,2024,34.029957845536266
3092 鴻碩,2025,89.41028069283284
3093 港建*,2020,57.51817956163673
3094 聯傑,2020,50.40403298952334
3094 聯傑,2021,89.37087382885562
3094 聯傑,2022,25.61257032063305
3094 聯傑,2023,59.916740659116066
3094 聯傑,2024,55.42719381898248
3094 聯傑,2025,47.51442596927195
3095 及成,2020,50.751578149685315
3105 穩懋,2020,55.07206990091129
3114 好德,2020,61.267582757727546
3115 富榮綱,2020,71.89123311189527
3118 進階,2020,53.08894004519925
3122 笙泉,2020,53.2174840917635
3128 昇銳,2020,80.76250235344368
3130 一零四,2020,74.54516553876356
3130 一零四,2021,66.09433246093958
3130 一零四,2022,44.21379580262359
3130 一零四,2023,61.15649574674554
3130 一零四,2024,54.87605696300961
3130 一零四,2025,49.37962620128811
3131 弘塑,2020,53.06203150031352
3135 凌航,2021,38.92647101069131
3135 凌航,2022,53.89667711471022
3135 凌航,2023,56.03703115071528
3135 凌航,2024,34.92838915097445
3135 凌航,2025,83.65679746541083
3138 耀登,2020,79.18819622122729
3138 耀登,2021,47.65520520733613
3138 耀登,2022,37.11817630004708
3138 耀登,2023,44.41156892515924
3138 耀登,2024,61.133590598114615
3138 耀登,2025,64.3575105359504
3141 晶宏,2020,54.7160428022295
3147 大綜,2020,52.45240287500758
3149 正達,2020,92.54922862434685
3149 正達,2021,42.07029036952816
3149 正達,2022,24.74363316252419
3149 正達,2023,58.74731980214762
3149 正達,2024,53.5444634746826
3149 正達,2025,54.15711437052675
3152 璟德,2020,62.774630078777335
3158 嘉實,2020,64.92016796615547
3162 精確,2020,43.9941601543482
3163 波若威,2020,35.13516623299158
3164 景岳,2020,49.59384224449788
3164 景岳,2021,67.17705979159449
3164 景岳,2022,40.74308342187869
3164 景岳,2023,65.59111390241303
3164 景岳,2024,57.0161975495861
3164 景岳,2025,49.184571215282574
3167 大量,2020,54.85427639779247
3167 大量,2021,62.571024102773734
3167 大量,2022,16.967494065925305
3167 大量,2023,80.03646343744735
3167 大量,2024,43.870433558297385
3167 大量,2025,65.9501648331464
3168 眾福科,2020,62.18038617144448
3168 眾福科,2021,63.547986107632504
3168 眾福科,2022,45.60807896563962
3168 眾福科,2023,27.426960214062145
3168 眾福科,2024,39.80188558329396
3168 眾福科,2025,35.04486670634806
3169 亞信,2020,72.80454084182016
3171 炎洲流通,2020,50.061140137028794
3176 基亞,2020,48.81495317848933
3178 公準,2020,50.83700020383199
3188 鑫龍騰,2020,48.6035997466162
3189 景碩,2020,40.890888900612126
3189 景碩,2021,47.71260018453658
3189 景碩,2022,29.879393118659532
3189 景碩,2023,47.7610132774867
3189 景碩,2024,53.47461015385848
3189 景碩,2025,62.21840066427945
3191 雲嘉南,2020,41.95133706256723
3205 佰研,2020,40.607395308142685
3206 志豐,2020,51.73797900379225
3207 耀勝,2020,44.891919075006165
3209 全科,2020,48.48694295143543
3209 全科,2021,68.446621106556
3209 全科,2022,52.38745867195974
3209 全科,2023,57.81727539463588
3209 全科,2024,33.002648778477074
3209 全科,2025,43.23384635909877
3211 順達,2020,55.580211483441275
3213 茂訊,2020,69.52665891367798
3217 優群,2020,45.34661402477465
3218 大學光,2020,39.17056703020582
3219 倚強科,2020,61.77828394946352
3221 台嘉碩,2020,46.507747603320915
3224 三顧,2020,44.45076671216371
3226 龍鋒,2020,78.35112453734455
3227 原相,2020,50.35857343321377
3228 金麗科,2020,66.7898511829656
3229 晟鈦,2020,56.59082552799431
3229 晟鈦,2021,50.6462252817615
3229 晟鈦,2022,49.37882831250576
3229 晟鈦,2023,48.86618792622148
3229 晟鈦,2024,50.15662613944514
3229 晟鈦,2025,70.13442873458888
3230 錦明,2020,60.24938639247721
3231 緯創,2020,56.32025396141474
3231 緯創,2021,54.539910753563234
3231 緯創,2022,49.79292964938433
3231 緯創,2023,70.56983061205013
3231 緯創,2024,27.60085145598903
3231 緯創,2025,61.45653935407831
3232 昱捷,2020,41.73417549607299
3234 光環,2020,58.53648203820659
3236 千如,2020,69.40709555526142
3252 海灣,2020,52.194813519311566
3257 虹冠電,2020,74.24524819393989
3257 虹冠電,2021,67.9014850830699
3257 虹冠電,2022,46.6111576562462
3257 虹冠電,2023,50.61310057003367
3257 虹冠電,2024,42.12534176047538
3257 虹冠電,2025,61.62988062206558
3259 鑫創,2020,67.68801703234416
3260 威剛,2020,58.001082557606686
3264 欣銓,2020,56.38658122497243
3265 台星科,2020,57.60181737861959
3266 昇陽,2020,58.430373203642816
3266 昇陽,2021,56.103055319448536
3266 昇陽,2022,51.28054047896053
3266 昇陽,2023,54.78165015098077
3266 昇陽,2024,20.33641962108696
3266 昇陽,2025,62.15089472497557
3268 海德威,2020,54.54274525687561
3272 東碩,2020,44.63133365474998
3276 宇環,2020,51.964706841936625
3284 太普高,2020,58.29535638427691
3285 微端,2020,66.09416731939696
3287 廣寰科,2020,43.4762626995039
3288 點晶,2020,62.10786487550797
3289 宜特,2020,63.567175603170334
3290 東浦,2020,49.89229287897673
3293 鈊象,2020,64.38341918773389
3294 英濟,2020,51.861041266830796
3296 勝德,2020,62.41548897280579
3296 勝德,2021,59.498425721270856
3296 勝德,2022,50.39357345486988
3296 勝德,2023,55.889086404527376
3296 勝德,2024,35.547259691076775
3296 勝德,2025,57.762721028231034
3297 杭特,2020,94.0490905846503
3303 岱稜,2020,45.42145100751595
3305 昇貿,2020,46.794371915771734
3305 昇貿,2021,52.173111184346965
3305 昇貿,2022,43.307472272408155
3305 昇貿,2023,48.19884516267909
3305 昇貿,2024,38.06961103368012
3305 昇貿,2025,49.468680600065504
3306 鼎天,2020,52.35569475046435
3308 聯德,2020,50.06628861865011
3308 聯德,2021,71.48788902547261
3308 聯德,2022,46.83762589915727
3308 聯德,2023,48.46291545576506
3308 聯德,2024,47.77573770072083
3308 聯德,2025,86.9479986976383
3310 佳穎,2020,55.118524584104954
3311 閎暉,2020,39.26043722051736
3311 閎暉,2021,77.91321496297984
3311 閎暉,2022,57.7275708245316
3311 閎暉,2023,43.811277476374386
3311 閎暉,2024,30.76371745673901
3311 閎暉,2025,43.85292827678265
3312 弘憶股,2020,45.89569951572223
3312 弘憶股,2021,62.63625255278691
3312 弘憶股,2022,26.283985965109814
3312 弘憶股,2023,39.56162203466531
3312 弘憶股,2024,34.74242141620179
3312 弘憶股,2025,37.665705121452035
3313 斐成,2020,48.38656429235474
3317 尼克森,2020,67.63096815759481
3321 同泰,2020,64.50760115416745
3321 同泰,2021,52.57690533869558
3321 同泰,2022,62.121548533130735
3321 同泰,2023,50.33705176165317
3321 同泰,2024,46.05162736616023
3321 同泰,2025,46.83401763353287
3322 建舜電,2020,62.357137598509695
3323 加百裕,2020,53.59143725942176
3324 雙鴻,2020,43.45992753100336
3325 旭品,2020,55.510905753728544
3332 幸康,2020,61.45165547393508
3338 泰碩,2020,24.988919685940633
3338 泰碩,2021,57.23641189289383
3338 泰碩,2022,28.318037464834944
3338 泰碩,2023,80.06926186661737
3338 泰碩,2024,36.188692372627465
3338 泰碩,2025,48.015849381668815
3339 泰谷,2020,61.53925751114685
3346 麗清,2020,66.57865012416923
3346 麗清,2021,39.617122320873705
3346 麗清,2022,31.274782435579223
3346 麗清,2023,60.34217151428852
3346 麗清,2024,33.25253072938179
3346 麗清,2025,48.99354056481428
3349 寶德,2020,52.257034962946626
3354 律勝,2020,58.69794186591999
3356 奇偶,2020,73.17926508286534
3356 奇偶,2021,58.01469791991411
3356 奇偶,2022,24.8635421467261
3356 奇偶,2023,54.05518297663426
3356 奇偶,2024,37.68414744391994
3356 奇偶,2025,52.31973324816606
3357 臺慶科,2020,55.53964798864273
3360 尚立,2020,45.3549559655603
3362 先進光,2020,53.706242648002664
3363 上詮,2020,54.7747334328175
3372 典範,2020,57.75503101378502
3373 熱映,2020,46.631954556419416
3374 精材,2020,57.20755508109164
3376 新日興,2020,43.13164268574278
3376 新日興,2021,69.66133047384534
3376 新日興,2022,49.418101906932115
3376 新日興,2023,51.5024094647619
3376 新日興,2024,60.69255399518356
3376 新日興,2025,48.71039400337572
3379 彬台,2020,65.49193726283515
3380 明泰,2020,56.983203263310536
3380 明泰,2021,58.906131119185154
3380 明泰,2022,31.76280866988347
3380 明泰,2023,55.919847215809845
3380 明泰,2024,43.086171880607594
3380 明泰,2025,50.30004021097039
3388 崇越電,2020,58.177850003977774
3390 旭軟,2020,60.119321518452395
3402 漢科,2020,48.52596315192238
3406 玉晶光,2020,41.71877057379642
3406 玉晶光,2021,43.886897214180024
3406 玉晶光,2022,19.154056267512356
3406 玉晶光,2023,66.92437363599232
3406 玉晶光,2024,69.51833971339546
3406 玉晶光,2025,62.31408406595622
3413 京鼎,2020,50.891051548610974
3413 京鼎,2021,74.36700256978904
3413 京鼎,2022,31.16976196633875
3413 京鼎,2023,80.52354168641573
3413 京鼎,2024,37.77201783606376
3413 京鼎,2025,36.36469550505475
3416 融程電,2020,65.1639180630149
3416 融程電,2021,64.55443316573802
3416 融程電,2022,51.23776707928261
3416 融程電,2023,55.70547865129072
3416 融程電,2024,75.41116072785013
3416 融程電,2025,46.84364392139562
3419 譁裕,2020,59.42696994078268
3419 譁裕,2021,43.33147322036604
3419 譁裕,2022,34.36568910691685
3419 譁裕,2023,44.60566745430035
3419 譁裕,2024,61.332651046345646
3419 譁裕,2025,50.28426430629359
3426 台興,2020,37.84361180344914
3430 奇鈦科,2020,56.78754655218007
3432 台端,2020,61.5404685574688
3432 台端,2021,59.161862474647464
3432 台端,2022,27.79261172906322
3432 台端,2023,47.56716286581445
3432 台端,2024,45.193704152129655
3432 台端,2025,36.452060108134134
3434 哲固,2020,43.97683778967964
3437 榮創,2020,84.3738948669506
3437 榮創,2021,52.13548709655606
3437 榮創,2022,31.37750842615577
3437 榮創,2023,48.62997318758626
3437 榮創,2024,53.718311609019366
3437 榮創,2025,52.51214570607282
3438 類比科,2020,52.72893732868932
3441 聯一光,2020,56.43487040953998
3443 創意,2020,68.76943092096774
3443 創意,2021,40.69834286621884
3443 創意,2022,25.46617817634772
3443 創意,2023,51.031877993062416
3443 創意,2024,54.71213011213081
3443 創意,2025,56.052937112477174
3444 利機,2020,53.59293425877508
3447 展達,2021,58.74488221953025
3447 展達,2022,37.537759552833776
3447 展達,2023,37.1451007168577
3447 展達,2024,43.35583282101296
3447 展達,2025,58.15262391735385
3450 聯鈞,2020,51.29174615244371
3450 聯鈞,2021,70.5000877612829
3450 聯鈞,2022,30.480433490386687
3450 聯鈞,2023,62.898523471962065
3450 聯鈞,2024,68.65421388864232
3450 聯鈞,2025,56.89009299956926
3455 由田,2020,49.490601767073784
3465 進泰電子,2020,66.4415359117156
3466 德晉,2020,66.88756779127107
3479 安勤,2020,54.835203407421716
3481 群創,2020,48.69330751044168
3481 群創,2021,70.06410173053236
3481 群創,2022,38.131446621903606
3481 群創,2023,77.23126819800893
3481 群創,2024,31.698210459051147
3481 群創,2025,79.60302144036181
3483 力致,2020,51.27152495621444
3484 崧騰,2020,60.423922693595514
3485 敘豐,2020,82.50494387991294
3489 森寶,2020,41.469887415071064
3490 單井,2020,56.42838307596264
3491 昇達科,2020,44.25777458090213
3492 長盛,2020,60.914900161062604
3494 誠研,2020,61.8456034936095
3494 誠研,2021,57.75028590384031
3494 誠研,2022,34.61643401970863
3494 誠研,2023,40.25222202719978
3494 誠研,2024,79.05604929911752
3494 誠研,2025,50.352252779884985
3498 陽程,2020,46.61440441112973
3499 環天科,2020,60.4981932589435
3501 維熹,2020,78.75632877688163
3501 維熹,2021,68.64261608090493
3501 維熹,2022,34.94006274074305
3501 維熹,2023,59.09453083011639
3501 維熹,2024,50.87440172686236
3501 維熹,2025,47.57674272491009
3504 揚明光,2020,61.158760476312615
3504 揚明光,2021,39.684469780505225
3504 揚明光,2022,26.14029276088692
3504 揚明光,2023,62.28402132131801
3504 揚明光,2024,62.739559216105164
3504 揚明光,2025,44.59870898733352
3508 位速,2020,59.24106575445547
3511 矽瑪,2020,48.667172356334206
3512 皇龍,2020,60.57740788381034
3515 華擎,2020,41.57747407301787
3515 華擎,2021,61.69420763292568
3515 華擎,2022,58.27350738587928
3515 華擎,2023,72.61738809663852
3515 華擎,2024,31.62345612516027
3515 華擎,2025,45.21943084816531
3516 亞帝歐,2020,51.152555467228176
3518 柏騰,2020,60.53744251275119
3518 柏騰,2021,56.96666013041373
3518 柏騰,2022,30.367824811166628
3518 柏騰,2023,39.36669962715378
3518 柏騰,2024,38.952125093284515
3518 柏騰,2025,54.78219598071043
3520 華盈,2020,43.52388201033356
3521 台鋼建設,2020,55.01047758539257
3522 御嵿,2020,46.93370950367894
3523 迎輝,2020,50.80911697473983
3526 凡甲,2020,54.850171055417476
3527 聚積,2020,57.2775226286378
3528 安馳,2020,68.1296053882366
3528 安馳,2021,66.6736328948349
3528 安馳,2022,55.11749258107093
3528 安馳,2023,57.76860206623054
3528 安馳,2024,51.16455980480312
3528 安馳,2025,39.19042486471952
3529 力旺,2020,47.71671216424022
3530 晶相光,2020,43.929647143965184
3530 晶相光,2021,44.527448161632734
3530 晶相光,2022,32.71094423875394
3530 晶相光,2023,50.2739210937698
3530 晶相光,2024,61.615388003281026
3530 晶相光,2025,57.22933260898447
3531 先益,2020,47.09747527080428
3532 台勝科,2020,47.8722160466696
3532 台勝科,2021,51.86133604308849
3532 台勝科,2022,25.65328728107695
3532 台勝科,2023,35.41138781939796
3532 台勝科,2024,25.76773370118932
3532 台勝科,2025,50.466569829309705
3533 嘉澤,2020,58.96760782214477
3533 嘉澤,2021,69.68697136630962
3533 嘉澤,2022,44.71305362304338
3533 嘉澤,2023,64.91634700170023
3533 嘉澤,2024,59.78847571329803
3533 嘉澤,2025,49.76349885969174
3535 晶彩科,2020,44.34697608240537
3535 晶彩科,2021,63.474646152216074
3535 晶彩科,2022,22.227328889206312
3535 晶彩科,2023,37.69908881853192
3535 晶彩科,2024,39.65774941735707
3535 晶彩科,2025,61.04910353397741
3537 堡達,2020,61.392905355599446
3540 曜越,2020,39.502694683930095
3541 西柏,2020,51.5251529530251
3543 州巧,2020,63.650894145428225
3543 州巧,2021,51.48298180355221
3543 州巧,2022,54.171246813149054
3543 州巧,2023,57.76420579385826
3543 州巧,2024,55.31074976083321
3543 州巧,2025,46.47026556754577
3545 敦泰,2020,71.3108025878344
3545 敦泰,2021,54.51775464479544
3545 敦泰,2022,40.35115396498098
3545 敦泰,2023,49.80356321006269
3545 敦泰,2024,47.128297058879845
3545 敦泰,2025,47.97209302564221
3546 宇峻,2020,72.75823529567936
3548 兆利,2020,53.502179659491254
3550 聯穎,2020,55.65777784303647
3550 聯穎,2021,69.98907918328413
3550 聯穎,2022,61.29561726855503
3550 聯穎,2023,49.3100432294457
3550 聯穎,2024,30.958391842314626
3550 聯穎,2025,76.96565131102307
3551 世禾,2020,42.311943165179656
3552 同致,2020,71.30611059251751
3555 博士旺,2020,70.10861785154145
3556 禾瑞亞,2020,59.37447851908569
3557 嘉威,2020,44.848435280108866
3557 嘉威,2021,45.802263000475484
3557 嘉威,2022,61.95192099813117
3557 嘉威,2023,56.281474791632725
3557 嘉威,2024,25.249495570931852
3557 嘉威,2025,53.98890356305306
3558 神準,2020,51.90933591188798
3563 牧德,2020,60.59655509223162
3563 牧德,2021,95.03612945109417
3563 牧德,2022,42.86136331830783
3563 牧德,2023,58.46404449352327
3563 牧德,2024,53.464150138543765
3563 牧德,2025,60.93962160099582
3564 其陽,2020,42.141623897206
3567 逸昌,2020,68.10886756762142
3570 大塚,2020,45.553094786083506
3576 聯合再生,2020,51.94196623956445
3576 聯合再生,2021,54.20474529324649
3576 聯合再生,2022,49.876038543492065
3576 聯合再生,2023,56.44711319592618
3576 聯合再生,2024,41.33691822213099
3576 聯合再生,2025,61.49758335503469
3577 泓格,2020,51.43627031917588
3580 友威科,2020,57.39421162202562
3581 博磊,2020,53.79712990153149
3583 辛耘,2020,50.28652736458644
3583 辛耘,2021,93.00758027135217
3583 辛耘,2022,44.59332220784898
3583 辛耘,2023,57.46168839520923
3583 辛耘,2024,32.50489287642481
3583 辛耘,2025,55.46565437631694
3587 閎康,2020,43.35777183768209
3588 通嘉,2020,77.227618621689
3588 通嘉,2021,52.894637684072066
3588 通嘉,2022,27.82891753714675
3588 通嘉,2023,52.05109363747699
3588 通嘉,2024,36.253613011183205
3588 通嘉,2025,51.62883641282724
3591 艾笛森,2020,88.55758525286662
3591 艾笛森,2021,50.131064103084825
3591 艾笛森,2022,37.32899868057286
3591 艾笛森,2023,37.21539324452344
3591 艾笛森,2024,56.75572177659778
3591 艾笛森,2025,48.33741611359573
3592 瑞鼎,2020,86.18406311759068
3592 瑞鼎,2021,57.04257420218131
3592 瑞鼎,2022,48.64285174701457
3592 瑞鼎,2023,65.79083135460347
3592 瑞鼎,2024,67.694577641946
3592 瑞鼎,2025,52.588968450994386
3593 力銘,2020,53.067150859393706
3593 力銘,2021,38.79342836481949
3593 力銘,2022,44.39587234843593
3593 力銘,2023,49.81419759671538
3593 力銘,2024,42.33509328273023
3593 力銘,2025,48.094388984316645
3594 磐儀,2020,69.21649333949776
3596 智易,2020,44.72428449059111
3596 智易,2021,64.49997149058439
3596 智易,2022,27.41556841712203
3596 智易,2023,43.463873633720716
3596 智易,2024,51.98095339177101
3596 智易,2025,33.23855607200359
3597 映興,2020,48.56480655243534
3605 宏致,2020,84.04049808494617
3605 宏致,2021,60.77116913713196
3605 宏致,2022,38.933126428635084
3605 宏致,2023,47.04369525757178
3605 宏致,2024,34.37743078864327
3605 宏致,2025,51.60584582669673
3607 谷崧,2020,53.84950881675443
3607 谷崧,2021,62.16407910702031
3607 谷崧,2022,38.41336852956606
3607 谷崧,2023,47.1923605461206
3607 谷崧,2024,40.174348699440515
3607 谷崧,2025,62.376390910023005
3609 三一東林,2020,43.79254492468385
3611 鼎翰,2020,52.544026854411875
3615 安可,2020,63.376009197347706
3617 碩天,2020,57.73439936408441
3617 碩天,2021,36.87839050856535
3617 碩天,2022,26.93636999801759
3617 碩天,2023,53.1638642192642
3617 碩天,2024,67.06245866732486
3617 碩天,2025,56.673396206746396
3622 洋華,2020,52.839680759029996
3622 洋華,2021,53.413730015439434
3622 洋華,2022,30.852350547551033
3622 洋華,2023,48.6891020892499
3622 洋華,2024,29.156801266832648
3622 洋華,2025,43.14259104101541
3623 富晶通,2020,51.518083633201705
3624 光頡,2020,53.17743071067071
3625 西勝,2020,59.08766795711807
3628 盈正,2020,51.04687145756775
3629 地心引力,2020,33.38497352775352
3630 新鉅科,2020,51.71594763239219
3631 晟楠,2020,48.605885271510786
3632 研勤,2020,46.1998518133666
3645 達邁,2020,57.35686026679725
3645 達邁,2021,61.775681323319496
3645 達邁,2022,32.9241247681592
3645 達邁,2023,52.37632223646684
3645 達邁,2024,88.74680931114068
3645 達邁,2025,40.65683883584657
3646 艾恩特,2020,54.520179736500005
3652 精聯,2020,35.65829011698211
3652 精聯,2021,55.579556794156524
3652 精聯,2022,23.68263869915629
3652 精聯,2023,59.0034080751857
3652 精聯,2024,52.93332448832962
3652 精聯,2025,47.625959967170814
3653 健策,2020,35.035719109479544
3653 健策,2021,48.89359726393293
3653 健策,2022,43.90637185559052
3653 健策,2023,74.7023370860713
3653 健策,2024,58.22424497893781
3653 健策,2025,52.12052104571717
3661 世芯-KY,2020,55.48490680542899
3661 世芯-KY,2021,56.36253591819259
3661 世芯-KY,2022,40.732437324686884
3661 世芯-KY,2023,41.19020247256436
3661 世芯-KY,2024,64.0808088408141
3661 世芯-KY,2025,61.22065916195425
3663 鑫科,2020,65.42939950008588
3664 安瑞-KY,2020,64.7019168876055
3665 貿聯-KY,2020,51.66309675324106
3665 貿聯-KY,2021,76.58737489646529
3665 貿聯-KY,2022,26.229255162783172
3665 貿聯-KY,2023,57.61551596734908
3665 貿聯-KY,2024,42.94517888138067
3665 貿聯-KY,2025,53.35015772579208
3666 光耀,2020,58.17895482458907
3669 圓展,2020,48.398028758667884
3669 圓展,2021,90.6195138175028
3669 圓展,2022,50.105016214991835
3669 圓展,2023,31.4835346832826
3669 圓展,2024,60.193080589864365
3669 圓展,2025,75.78185830751734
3672 康聯訊,2020,55.002300031776755
3673 TPK-KY,2020,52.611218980965205
3673 TPK-KY,2021,72.13556617228113
3673 TPK-KY,2022,33.89860575965917
3673 TPK-KY,2023,67.00244953078138
3673 TPK-KY,2024,41.87578536675974
3673 TPK-KY,2025,43.83800658089394
3675 德微,2020,55.270508561791964
3679 新至陞,2020,30.08165054708951
3679 新至陞,2021,68.04276242371195
3679 新至陞,2022,45.84969564836843
3679 新至陞,2023,29.564529495340313
3679 新至陞,2024,51.67590054319502
3679 新至陞,2025,43.63640579148465
3680 家登,2020,52.22282150632076
3684 榮昌,2020,52.096613262058234
3685 元創精密,2020,55.206110118962314
3686 達能,2020,47.899627088434436
3686 達能,2021,46.76193760969435
3686 達能,2022,42.586515479992734
3686 達能,2023,39.472950972189366
3686 達能,2024,54.12445913669816
3686 達能,2025,46.54479905717769
3687 歐買尬,2020,59.60680298723607
3689 湧德,2020,40.423560172781606
3691 碩禾,2020,56.42376080931329
3693 營邦,2020,48.242171325751926
3694 海華,2020,42.040590630837166
3694 海華,2021,47.75428215549589
3694 海華,2022,31.57854258615111
3694 海華,2023,64.44630927222973
3694 海華,2024,58.24727233823903
3694 海華,2025,44.03570106755441
3701 大眾控,2020,59.02336671783982
3701 大眾控,2021,41.86092304390282
3701 大眾控,2022,31.15620366921325
3701 大眾控,2023,34.476929672287845
3701 大眾控,2024,62.05898514259536
3701 大眾控,2025,77.28087112816252
3702 大聯大,2020,67.83501778144021
3702 大聯大,2021,86.92046343508844
3702 大聯大,2022,55.04734645100875
3702 大聯大,2023,49.21205136059852
3702 大聯大,2024,42.21305453691047
3702 大聯大,2025,32.99518761348896
3703 欣陸,2020,42.51437503488435
3703 欣陸,2021,44.01087746681488
3703 欣陸,2022,38.54254128272252
3703 欣陸,2023,54.778602855018946
3703 欣陸,2024,52.40105090111399
3703 欣陸,2025,44.26948314608612
3704 合勤控,2020,81.24304157104015
3704 合勤控,2021,53.84945890371302
3704 合勤控,2022,63.42235691217254
3704 合勤控,2023,42.656176719675884
3704 合勤控,2024,48.65703877042958
3704 合勤控,2025,38.83401903790754
3705 永信,2020,53.71578627492736
3705 永信,2021,50.92577606438421
3705 永信,2022,50.25005348774003
3705 永信,2023,52.945787262931546
3705 永信,2024,40.583721649443824
3705 永信,2025,53.97661225565107
3706 神達,2020,51.63141609141436
3706 神達,2021,75.97786267921894
3706 神達,2022,48.53360433642415
3706 神達,2023,76.58883331048911
3706 神達,2024,35.20205856235222
3706 神達,2025,50.987834722709756
3707 漢磊,2020,64.58775083981956
3708 上緯投控,2020,54.22597955873807
3708 上緯投控,2021,53.279044215895155
3708 上緯投控,2022,49.643126119450734
3708 上緯投控,2023,48.42039361377286
3708 上緯投控,2024,26.214150504947504
3708 上緯投控,2025,49.56382931543098
3709 鑫聯大投控,2020,33.747482379630554
3710 連展投控,2020,52.51866549748144
3711 日月光投控,2020,61.33492546212464
3711 日月光投控,2021,69.80496192098009
3711 日月光投控,2022,41.8618143026596
3711 日月光投控,2023,69.63665671403923
3711 日月光投控,2024,51.33198822849621
3711 日月光投控,2025,65.73407658901277
3712 永崴投控,2020,28.267679555086172
3712 永崴投控,2021,60.54715053661369
3712 永崴投控,2022,51.21033969843904
3712 永崴投控,2023,52.507388015766224
3712 永崴投控,2024,38.68351796482948
3712 永崴投控,2025,32.66306959138472
3713 新晶投控,2020,56.01499406233237
3714 富采,2021,47.123915724990724
3714 富采,2022,24.992796341579172
3714 富采,2023,69.23665556372848
3714 富采,2024,40.668694435219415
3714 富采,2025,66.47725509133706
3715 定穎投控,2022,25.0862774182609
3715 定穎投控,2023,41.409276348799175
3715 定穎投控,2024,34.93522962118199
3715 定穎投控,2025,62.78285481410023
3716 中化控股,2024,61.23826211990322
3716 中化控股,2025,33.447174452943734
3717 聯嘉投控,2025,39.083480440874155
4102 永日,2020,57.653119484332024
4104 佳醫,2020,36.709717460693064
4104 佳醫,2021,69.23374872827625
4104 佳醫,2022,55.72625103125289
4104 佳醫,2023,55.90932096208996
4104 佳醫,2024,34.32509148911421
4104 佳醫,2025,44.640273497471426
4105 東洋,2020,42.31409359672919
4106 雃博,2020,48.56794816344001
4106 雃博,2021,64.16680406691785
4106 雃博,2022,47.34987574204774
4106 雃博,2023,52.680066917821414
4106 雃博,2024,50.03079315155592
4106 雃博,2025,51.62760934210788
4107 邦特,2020,42.12563459176941
4108 懷特,2020,71.27596826820695
4108 懷特,2021,57.39521217706207
4108 懷特,2022,43.66959089076069
4108 懷特,2023,44.66730866658464
4108 懷特,2024,60.06330240374873
4108 懷特,2025,37.80219587947443
4109 加捷生醫,2020,56.547150230807354
4111 濟生,2020,53.27881621319208
4113 聯上,2020,36.207666439475105
4114 健喬,2020,61.157594648143764
4116 明基醫,2020,70.48125691629782
4119 旭富,2020,22.355222405914514
4119 旭富,2021,76.1347748874514
4119 旭富,2022,59.79329705447577
4119 旭富,2023,61.23599240026005
4119 旭富,2024,40.69473697877072
4119 旭富,2025,44.39948506585984
4120 友華,2020,39.02232711451484
4121 優盛,2020,56.04070504932503
4123 晟德,2020,53.108448008290324
4126 太醫,2020,49.478348990937434
4127 天良,2020,49.979100414551176
4128 中天,2020,51.491504865366934
4129 聯合,2020,59.429297436317995
4130 健亞,2020,46.326459045406835
4131 浩泰,2020,37.914979917901306
4133 亞諾法,2020,51.94369024794716
4133 亞諾法,2021,76.25161989298176
4133 亞諾法,2022,63.634899950218795
4133 亞諾法,2023,44.73112926188803
4133 亞諾法,2024,55.49266045304396
4133 亞諾法,2025,40.0577559433969
4137 麗豐-KY,2020,48.51420889793988
4137 麗豐-KY,2021,14.86561521176104
4137 麗豐-KY,2022,43.74485062643959
4137 麗豐-KY,2023,75.92575075371539
4137 麗豐-KY,2024,37.51955743708499
4137 麗豐-KY,2025,59.1505543646649
4138 曜亞,2020,50.03046397714055
4139 馬光-KY,2020,71.6274010729025
4142 國光生,2020,39.045699314007514
4142 國光生,2021,59.11358193583257
4142 國光生,2022,41.76956820796988
4142 國光生,2023,50.35653457954573
4142 國光生,2024,45.60142930778421
4142 國光生,2025,42.76780549582585
4147 中裕,2020,45.64809351718555
4148 全宇生技-KY,2020,70.34478171478831
4148 全宇生技-KY,2021,49.226609248381244
4148 全宇生技-KY,2022,28.54379473171658
4148 全宇生技-KY,2023,61.669083018605086
4148 全宇生技-KY,2024,63.71835290986285
4148 全宇生技-KY,2025,40.1894304001226
4153 鈺緯,2020,40.62400077668579
4154 樂威科-KY,2020,39.22080335437091
4155 訊映,2020,42.626071352360064
4155 訊映,2021,56.30272238798779
4155 訊映,2022,51.55438319950092
4155 訊映,2023,43.52424416360098
4155 訊映,2024,26.10936184727524
4155 訊映,2025,37.597425807176386
4157 太景*-KY,2020,50.784326278487434
4160 訊聯基因,2020,51.10649069398154
4161 聿新科,2020,55.63762708053189
4162 智擎,2020,43.653666652024356
4163 鐿鈦,2020,49.74767357369966
4164 承業醫,2020,69.418435302009
4164 承業醫,2021,71.87080293736983
4164 承業醫,2022,35.2104774296821
4164 承業醫,2023,55.43303216609935
4164 承業醫,2024,62.02606870076247
4164 承業醫,2025,46.3164528775441
4166 友霖,2020,45.100346646571445
4167 松瑞藥,2020,56.739995270640186
4168 醣聯,2020,71.11469188167064
4169 泰宗,2020,55.693997142196615
4169 泰宗,2021,56.05791697055397
4169 泰宗,2022,51.84161063349547
4169 泰宗,2023,49.78867254440299
4169 泰宗,2024,43.16878980079413
4169 泰宗,2025,50.131099437674855
4171 瑞基,2020,37.96421911345983
4173 久裕,2020,54.429799441781846
4174 浩鼎,2020,63.948566510939706
4175 杏一,2020,55.03524932472838
4178 永笙-KY,2024,78.58043351532959
4178 永笙-KY,2025,67.57607410251715
4183 福永生技,2020,56.13339998494366
4188 安克,2020,43.99793691924135
4190 佐登-KY,2020,35.149945548344505
4190 佐登-KY,2021,55.722266799512546
4190 佐登-KY,2022,35.53844103027467
4190 佐登-KY,2023,36.29403464922021
4190 佐登-KY,2024,37.61105580094869
4190 佐登-KY,2025,29.637776464431447
4192 杏國,2020,48.96632440957326
4198 欣大健康,2020,49.62839991606437
4205 中華食,2020,65.83542336193798
4207 環泰,2020,63.5938464343411
4303 信立,2020,63.48820222361841
4304 勝昱,2020,51.76582784295458
4305 世坤,2020,47.60559850462652
4306 炎洲,2020,65.41569735585533
4306 炎洲,2021,70.89544093321702
4306 炎洲,2022,46.26927682454005
4306 炎洲,2023,44.332731767070875
4306 炎洲,2024,49.725320882791344
4306 炎洲,2025,57.40760843846755
4401 東隆興,2020,75.27477822784672
4402 郡都開發,2020,54.064338119216984
4406 新昕纖,2020,33.71273518359248
4413 飛寶企業,2020,45.26553614434691
4414 如興,2020,46.91674596339232
4414 如興,2021,60.45179757347632
4414 如興,2022,38.55866623420841
4414 如興,2023,33.94014549335244
4414 如興,2024,46.621753134804514
4414 如興,2025,60.40525331047214
4416 三圓,2020,64.14145763543141
4417 金洲,2020,58.97829277116927
4419 皇家美食,2020,51.10018346798633
4420 光明,2020,64.09715935437359
4426 利勤,2020,60.02746034388322
4426 利勤,2021,66.1033858150916
4426 利勤,2022,58.04899994183986
4426 利勤,2023,51.764059341763044
4426 利勤,2024,21.760290685518928
4426 利勤,2025,29.88831736350806
4430 耀億,2020,50.45534735300339
4432 銘旺實,2020,47.67286705363784
4433 興采,2020,46.97148869456642
4438 廣越,2020,81.11164035925917
4438 廣越,2021,38.3615118828377
4438 廣越,2022,52.33675244242924
4438 廣越,2023,46.10320720193833
4438 廣越,2024,64.12908871613423
4438 廣越,2025,34.896857720643446
4439 冠星-KY,2020,46.11471326576722
4439 冠星-KY,2021,57.997457573034225
4439 冠星-KY,2022,32.42525483446498
4439 冠星-KY,2023,42.6717369438521
4439 冠星-KY,2024,87.4083021927666
4439 冠星-KY,2025,64.18931815357864
4440 宜新實業,2020,76.54556233098772
4440 宜新實業,2021,59.53462775394559
4440 宜新實業,2022,13.232002613666186
4440 宜新實業,2023,52.84169174112028
4440 宜新實業,2024,17.30359644038839
4440 宜新實業,2025,43.16457137468252
4441 振大環球,2022,61.837280734626695
4441 振大環球,2023,85.49996086262325
4441 振大環球,2024,67.68670274340933
4441 振大環球,2025,31.711110004952314
4502 健信,2020,30.123401202200206
4503 金雨,2020,60.67750574526042
4506 崇友,2020,59.33740918514635
4510 高鋒,2020,64.89738203536842
4513 福裕,2020,60.76389269048468
4523 永彰,2020,43.29764185226874
4526 東台,2020,73.64864187343247
4526 東台,2021,49.24160683287774
4526 東台,2022,16.266326272916213
4526 東台,2023,48.069730509518074
4526 東台,2024,54.517891105020965
4526 東台,2025,56.225875928592274
4527 方方土霖,2020,45.46545622373526
4528 江興鍛,2020,62.20682029996044
4529 淳紳,2020,50.85244909263197
4530 宏易,2020,66.71208694615768
4532 瑞智,2020,64.55449036777988
4532 瑞智,2021,61.69303496688663
4532 瑞智,2022,39.289553413253955
4532 瑞智,2023,55.50093180576987
4532 瑞智,2024,31.845284311652307
4532 瑞智,2025,62.346010427730725
4533 協易機,2020,60.70307359945739
4534 慶騰,2020,58.74653475155846
4535 至興,2020,76.79673789136527
4536 拓凱,2020,50.54904614213244
4536 拓凱,2021,77.10889234133164
4536 拓凱,2022,41.31663551184676
4536 拓凱,2023,45.31916293212767
4536 拓凱,2024,69.64621127214033
4536 拓凱,2025,44.86775071948132
4538 大詠城,2020,66.81342054232174
4540 全球傳動,2020,54.52318451091861
4540 全球傳動,2021,79.61487222632314
4540 全球傳動,2022,41.85222994396818
4540 全球傳動,2023,47.61658583551763
4540 全球傳動,2024,70.46248640486779
4540 全球傳動,2025,41.318411958972305
4541 晟田,2020,54.2318797680083
4542 科嶠,2020,60.931454207304284
4543 萬在,2020,51.959163423260165
4545 銘鈺,2020,38.832540602542245
4545 銘鈺,2021,59.61670657303942
4545 銘鈺,2022,66.69776007702349
4545 銘鈺,2023,54.62069918858501
4545 銘鈺,2024,26.267742412718757
4545 銘鈺,2025,59.17175122373875
4549 桓達,2020,57.188165338509634
4550 長佳,2020,70.75334223300165
4551 智伸科,2020,42.88848536834028
4551 智伸科,2021,65.56910718166527
4551 智伸科,2022,50.87259366212833
4551 智伸科,2023,39.99635756459827
4551 智伸科,2024,44.44927593529782
4551 智伸科,2025,38.92540178189648
4552 力達-KY,2020,75.18181451909048
4552 力達-KY,2021,57.58182420176033
4552 力達-KY,2022,57.13862797912802
4552 力達-KY,2023,46.616459695244274
4552 力達-KY,2024,4.225200831208471
4552 力達-KY,2025,64.12164762180052
4554 橙的,2020,54.07533303453202
4555 氣立,2020,69.34768323512482
4555 氣立,2021,71.81065848278561
4555 氣立,2022,48.991851843404085
4555 氣立,2023,83.35701080533707
4555 氣立,2024,61.800863343687304
4555 氣立,2025,34.85879415551184
4556 旭然,2020,33.728351475496694
4557 永新-KY,2020,51.40825188090309
4557 永新-KY,2021,60.65754748588268
4557 永新-KY,2022,45.37633098533392
4557 永新-KY,2023,54.836965162438624
4557 永新-KY,2024,30.97024884991591
4557 永新-KY,2025,58.024329811870636
4558 寶緯,2020,58.80818825555174
4560 強信-KY,2020,82.6467309735608
4560 強信-KY,2021,63.5063488976121
4560 強信-KY,2022,68.24441111400836
4560 強信-KY,2023,64.47183770309992
4560 強信-KY,2024,63.17046093780208
4560 強信-KY,2025,48.453397444260204
4561 健椿,2020,62.59385881937276
4562 穎漢,2020,73.67653317364763
4562 穎漢,2021,18.502350124380744
4562 穎漢,2022,32.8195655481869
4562 穎漢,2023,50.760148750657876
4562 穎漢,2024,48.44611486433348
4562 穎漢,2025,40.753808629549624
4563 百德,2020,35.073541762969455
4564 元翎,2020,57.22995297427315
4564 元翎,2021,76.88009780166318
4564 元翎,2022,58.50275788069806
4564 元翎,2023,39.53091048797332
4564 元翎,2024,44.379520303113566
4564 元翎,2025,56.57743018385866
4566 時碩工業,2020,98.30114405020544
4566 時碩工業,2021,76.73616854866894
4566 時碩工業,2022,34.30857247838903
4566 時碩工業,2023,55.190844965500276
4566 時碩工業,2024,70.04177211415934
4566 時碩工業,2025,54.814687976831976
4568 科際精密,2020,40.736854438640336
4569 六方科-KY,2023,61.57890101325758
4569 六方科-KY,2024,59.321127093131174
4569 六方科-KY,2025,50.442757595766366
4571 鈞興-KY,2020,54.48654299025226
4571 鈞興-KY,2021,43.89735349719117
4571 鈞興-KY,2022,9.835443464716933
4571 鈞興-KY,2023,60.39811488283006
4571 鈞興-KY,2024,77.29463633179255
4571 鈞興-KY,2025,49.53678602689415
4572 駐龍,2020,42.58748716863727
4572 駐龍,2021,68.6361109467939
4572 駐龍,2022,53.30041803476858
4572 駐龍,2023,61.341549850413216
4572 駐龍,2024,60.09073767460894
4572 駐龍,2025,47.173702230379206
4576 大銀微系統,2020,56.002705113584206
4576 大銀微系統,2021,72.63992298142516
4576 大銀微系統,2022,39.87293449598302
4576 大銀微系統,2023,71.46740322469594
4576 大銀微系統,2024,66.15594535377672
4576 大銀微系統,2025,42.30536515029824
4577 達航科技,2020,30.2083885008818
4580 捷流閥業,2020,69.12516270064127
4581 光隆精密-KY,2020,52.36625872086533
4581 光隆精密-KY,2021,47.85639680732901
4581 光隆精密-KY,2022,75.23361163978986
4581 光隆精密-KY,2023,47.760346851479795
4581 光隆精密-KY,2024,43.12133315337851
4581 光隆精密-KY,2025,45.31229278594651
4583 台灣精銳,2020,53.21483222589839
4583 台灣精銳,2021,64.52585894460134
4583 台灣精銳,2022,48.03971744909908
4583 台灣精銳,2023,41.02683506328966
4583 台灣精銳,2024,71.98251216965078
4583 台灣精銳,2025,52.55360905329142
4585 達明,2024,80.47813156516835
4585 達明,2025,51.48691522212352
4588 玖鼎電力,2022,61.05665964731147
4588 玖鼎電力,2023,78.70857733245501
4588 玖鼎電力,2024,53.15685294618429
4588 玖鼎電力,2025,41.94114274113466
4609 唐鋒,2020,52.25050157253494
4702 中美實,2020,52.888457597560404
4706 大恭,2020,54.756041399483514
4707 磐亞,2020,70.60577450467515
4711 永純,2020,53.5868889575318
4714 永捷,2020,62.89437324310274
4716 大立,2020,49.0405417932531
4720 德淵,2020,63.47393717276567
4720 德淵,2021,89.39818058224608
4720 德淵,2022,36.11433042088337
4720 德淵,2023,69.6021771556044
4720 德淵,2024,38.29274362320189
4720 德淵,2025,63.948884330027525
4721 美琪瑪,2020,60.846024384587906
4722 國精化,2020,59.3063137090205
4722 國精化,2021,74.78120057080122
4722 國精化,2022,46.299274630858775
4722 國精化,2023,71.52836190421252
4722 國精化,2024,73.41016265344258
4722 國精化,2025,61.12124064660264
4726 永昕,2020,42.26602112052749
4728 雙美,2020,69.00570649933091
4729 熒茂,2020,51.69939471672406
4735 豪展,2020,39.14134566234705
4736 泰博,2020,37.08374950866053
4736 泰博,2021,71.61920379395585
4736 泰博,2022,56.04257274384299
4736 泰博,2023,67.61671667529875
4736 泰博,2024,44.90310252218085
4736 泰博,2025,45.53298403941325
4737 華廣,2020,62.467051720353716
4737 華廣,2021,63.50371772340233
4737 華廣,2022,48.35965177334533
4737 華廣,2023,42.433359071290525
4737 華廣,2024,31.68549614489569
4737 華廣,2025,51.095230185277515
4739 康普,2020,67.15550273501175
4739 康普,2021,63.13772150817963
4739 康普,2022,20.64904603089006
4739 康普,2023,50.40135942149656
4739 康普,2024,17.34602047344286
4739 康普,2025,42.90156427822336
4741 泓瀚,2020,45.260240135603254
4743 合一,2020,45.92792702566149
4744 皇將,2020,53.150619455545126
4745 合富-KY,2020,66.91895327403853
4746 台耀,2020,53.01687516795203
4746 台耀,2021,67.26685011040138
4746 台耀,2022,55.29542227260319
4746 台耀,2023,67.39371537159477
4746 台耀,2024,24.274653141284986
4746 台耀,2025,35.94539096142786
4747 強生,2020,51.28279229264936
4754 國碳科,2020,59.95850728505994
4755 三福化,2020,38.574993843746554
4755 三福化,2021,87.33403464657137
4755 三福化,2022,31.46936088282527
4755 三福化,2023,59.319517494892146
4755 三福化,2024,42.850307629887
4755 三福化,2025,56.74192683480796
4760 勤凱,2020,56.82747660043439
4763 材料*-KY,2020,44.64410168463252
4763 材料*-KY,2021,65.28640399636572
4763 材料*-KY,2022,52.84694514825345
4763 材料*-KY,2023,43.59353399928087
4763 材料*-KY,2024,48.916706870706996
4763 材料*-KY,2025,42.892372219556314
4764 雙鍵,2020,68.37067773996066
4764 雙鍵,2021,51.905831121879295
4764 雙鍵,2022,64.51082025392567
4764 雙鍵,2023,64.31838487204737
4764 雙鍵,2024,60.7956409233534
4764 雙鍵,2025,59.41976656999437
4766 南寶,2020,42.242418435145545
4766 南寶,2021,64.77943316823168
4766 南寶,2022,39.4381123006029
4766 南寶,2023,51.476996788481685
4766 南寶,2024,55.27400316006281
4766 南寶,2025,39.26441571808972
4767 誠泰科技,2020,54.02350668656152
4768 晶呈科技,2020,49.031436361648346
4770 上品,2020,49.494453209369816
4770 上品,2021,68.47535532155761
4770 上品,2022,55.68410533980367
4770 上品,2023,51.27805199162682
4770 上品,2024,49.25255809425031
4770 上品,2025,48.56818230859082
4771 望隼,2021,52.890888102352065
4771 望隼,2022,62.37644747420171
4771 望隼,2023,76.56282860532816
4771 望隼,2024,43.620785297146874
4771 望隼,2025,37.06441100696051
4804 大略-KY,2020,44.55364268193783
4806 桂田文創,2020,74.29493069773541
4807 日成-KY,2020,42.22412485563448
4807 日成-KY,2021,46.84666654329841
4807 日成-KY,2022,52.31007872636042
4807 日成-KY,2023,89.52793543792677
4807 日成-KY,2024,39.655157891325544
4807 日成-KY,2025,61.10683973501104
4903 聯光通,2020,64.36227571334815
4904 遠傳,2020,50.06835441464879
4904 遠傳,2021,78.57285729713917
4904 遠傳,2022,43.678415128826806
4904 遠傳,2023,52.83214742428483
4904 遠傳,2024,37.896989586743274
4904 遠傳,2025,48.92083442207576
4905 台聯電,2020,51.028546140565346
4906 正文,2020,61.359698770176216
4906 正文,2021,78.35445644897287
4906 正文,2022,48.86104474612915
4906 正文,2023,39.47155871004679
4906 正文,2024,40.69240517265732
4906 正文,2025,45.60213932429635
4907 富宇,2020,33.14128734995745
4908 前鼎,2020,51.23598477527484
4909 新復興,2020,71.018332743501
4911 德英,2020,44.4519951742927
4912 聯德控股-KY,2020,51.34653524452164
4912 聯德控股-KY,2021,50.306072390756725
4912 聯德控股-KY,2022,42.38260290777484
4912 聯德控股-KY,2023,49.134841551940134
4912 聯德控股-KY,2024,82.37982971405373
4912 聯德控股-KY,2025,72.03689856479772
4915 致伸,2020,61.78965431483333
4915 致伸,2021,56.84261668971173
4915 致伸,2022,40.82525722051156
4915 致伸,2023,70.7434657523995
4915 致伸,2024,34.61438984876494
4915 致伸,2025,41.985342704237134
4916 事欣科,2020,56.779989210032824
4916 事欣科,2021,51.33963184490121
4916 事欣科,2022,51.16606522772311
4916 事欣科,2023,53.33271652751554
4916 事欣科,2024,68.51377393904822
4916 事欣科,2025,57.19250031839557
4919 新唐,2020,63.08124848067087
4919 新唐,2021,42.95633895482289
4919 新唐,2022,39.018754170768844
4919 新唐,2023,55.912808901447434
4919 新唐,2024,37.63381363812745
4919 新唐,2025,42.921602950277524
4923 力士,2020,60.1070967289559
4924 欣厚-KY,2020,48.4384423756012
4927 泰鼎-KY,2020,34.00823751608461
4927 泰鼎-KY,2021,79.31115677377937
4927 泰鼎-KY,2022,21.785757494252707
4927 泰鼎-KY,2023,61.28678560948707
4927 泰鼎-KY,2024,21.46554068933561
4927 泰鼎-KY,2025,66.20460785293491
4930 燦星網,2020,61.0747348838091
4930 燦星網,2021,63.085108653927726
4930 燦星網,2022,55.945045712412266
4930 燦星網,2023,77.53943480164223
4930 燦星網,2024,53.406882444104866
4930 燦星網,2025,52.771404656359486
4931 新盛力,2020,50.73567112639098
4933 友輝,2020,53.389969298375284
4934 太極,2020,59.029431662705015
4934 太極,2021,81.0201512363996
4934 太極,2022,51.23100459153418
4934 太極,2023,53.66697277533099
4934 太極,2024,48.053145319314226
4934 太極,2025,51.155389920591674
4935 茂林-KY,2020,44.5870590901948
4935 茂林-KY,2021,72.11932470342578
4935 茂林-KY,2022,19.770389566874023
4935 茂林-KY,2023,60.84047714445393
4935 茂林-KY,2024,39.013125081686056
4935 茂林-KY,2025,44.55247793195936
4938 和碩,2020,49.32691845908726
4938 和碩,2021,66.81369290847637
4938 和碩,2022,49.27982919244616
4938 和碩,2023,59.09462809179534
4938 和碩,2024,41.00459635149774
4938 和碩,2025,41.07477755022463
4939 亞電,2020,75.21587045192707
4942 嘉彰,2020,55.896695280667444
4942 嘉彰,2021,72.37585975191078
4942 嘉彰,2022,25.249259549192093
4942 嘉彰,2023,49.3758052957819
4942 嘉彰,2024,50.9389750076969
4942 嘉彰,2025,53.65434869516983
4943 康控-KY,2020,42.269445842182265
4943 康控-KY,2021,48.779560785884826
4943 康控-KY,2022,96.03868629842397
4943 康控-KY,2023,44.36563755858951
4943 康控-KY,2024,70.05645212207934
4943 康控-KY,2025,46.0761615921642
4946 辣椒,2020,71.97517047252319
4949 有成精密,2023,71.15394978888962
4949 有成精密,2024,37.97246615128084
4949 有成精密,2025,46.7754130715717
4950 金耘國際,2020,64.57798651228508
4951 精拓科,2020,58.55890052281089
4952 凌通,2020,60.13370638592218
4952 凌通,2021,46.270712467133826
4952 凌通,2022,30.844783975781535
4952 凌通,2023,47.855947026178775
4952 凌通,2024,55.911379246275594
4952 凌通,2025,40.80470801574532
4953 緯軟,2020,49.880874245842286
4956 光鋐,2020,79.5438874439154
4956 光鋐,2021,44.92301826350491
4956 光鋐,2022,32.60805433216796
4956 光鋐,2023,52.288943621157294
4956 光鋐,2024,51.72960006031694
4956 光鋐,2025,55.552170574130265
4958 臻鼎-KY,2020,32.9667763407937
4958 臻鼎-KY,2021,54.59595166005812
4958 臻鼎-KY,2022,18.703442529888786
4958 臻鼎-KY,2023,71.4248222264006
4958 臻鼎-KY,2024,43.456350618360474
4958 臻鼎-KY,2025,45.61012378587297
4960 誠美材,2020,38.478716185456456
4960 誠美材,2021,79.4074962383844
4960 誠美材,2022,52.855090866002605
4960 誠美材,2023,51.827611215813306
4960 誠美材,2024,57.35607391522238
4960 誠美材,2025,47.59045741119603
4961 天鈺,2020,89.80471481948953
4961 天鈺,2021,59.3330257388619
4961 天鈺,2022,42.85353986655927
4961 天鈺,2023,39.67293232408354
4961 天鈺,2024,40.92292456467188
4961 天鈺,2025,50.512080782318826
4966 譜瑞-KY,2020,51.311242266352366
4967 十銓,2020,78.96822500683095
4967 十銓,2021,58.427108818350305
4967 十銓,2022,54.38603815420993
4967 十銓,2023,49.495785177136035
4967 十銓,2024,36.29999899066832
4967 十銓,2025,76.86978782458225
4968 立積,2020,69.21715849473395
4968 立積,2021,43.09334130904862
4968 立積,2022,42.771201341462465
4968 立積,2023,58.58854114525926
4968 立積,2024,52.30440508271917
4968 立積,2025,35.588627567030244
4971 IET-KY,2020,52.20983203286812
4972 湯石照明,2020,41.87679493514136
4973 廣穎,2020,57.857474191391944
4974 亞泰,2020,50.25296931023425
4976 佳凌,2020,86.09151201414993
4976 佳凌,2021,42.15497693852081
4976 佳凌,2022,39.990576901685934
4976 佳凌,2023,53.80468980330566
4976 佳凌,2024,55.69027533847901
4976 佳凌,2025,41.68771116532783
4977 眾達-KY,2020,38.84539428712393
4977 眾達-KY,2021,74.29381036835005
4977 眾達-KY,2022,46.62298997287297
4977 眾達-KY,2023,54.502342964228944
4977 眾達-KY,2024,59.96250505304938
4977 眾達-KY,2025,60.04890619381793
4979 華星光,2020,50.75318852489147
4987 科誠,2020,57.611614008800636
4989 榮科,2020,70.99146804331654
4989 榮科,2021,53.686098350584096
4989 榮科,2022,36.32105489588865
4989 榮科,2023,38.682068927875115
4989 榮科,2024,49.995127359783154
4989 榮科,2025,69.83896053120266
4991 環宇-KY,2020,56.320057773109454
4994 傳奇,2020,72.50171085959457
4994 傳奇,2021,66.27322222398912
4994 傳奇,2022,54.13914585953583
4994 傳奇,2023,46.04580694135736
4994 傳奇,2024,51.986532213843816
4994 傳奇,2025,55.86481293268641
4995 晶達,2020,43.87448069423161
4999 鑫禾,2020,50.507594432388245
4999 鑫禾,2021,54.25878211325303
4999 鑫禾,2022,43.86405041578161
4999 鑫禾,2023,49.6977364028077
4999 鑫禾,2024,39.976226036712745
4999 鑫禾,2025,34.871032760057005
5007 三星,2020,48.52228103188945
5007 三星,2021,55.4877043483442
5007 三星,2022,44.129599048484195
5007 三星,2023,67.53845281907323
5007 三星,2024,66.17895654623716
5007 三星,2025,68.94868219927143
5009 榮剛,2020,54.856514219531405
5011 久陽,2020,67.38963023938432
5013 強新,2020,50.22026747824857
5014 建錩,2020,61.002668199652646
5015 華祺,2020,48.16494287582907
5016 松和,2020,59.52028849016704
5201 凱衛,2020,43.50094608268384
5202 力新,2020,75.3119905887672
5203 訊連,2020,70.89647467791428
5203 訊連,2021,40.99341969822219
5203 訊連,2022,40.73551830746718
5203 訊連,2023,61.74495040444541
5203 訊連,2024,83.25604998393585
5203 訊連,2025,36.05324832004661
5205 中茂,2020,49.41491369454013
5206 坤悅,2020,52.583439132157416
5209 新鼎,2020,33.02877983895366
5210 寶碩,2020,41.136369031806026
5211 蒙恬,2020,64.82501518171789
5212 凌網,2020,67.72402645368868
5213 亞昕,2020,51.197783943344014
5215 科嘉-KY,2020,44.38516658726343
5215 科嘉-KY,2021,49.59052045296485
5215 科嘉-KY,2022,27.09169629496122
5215 科嘉-KY,2023,49.62282835958967
5215 科嘉-KY,2024,34.52193858262755
5215 科嘉-KY,2025,43.051599540176944
5220 萬達光電,2020,43.32598501243612
5222 全訊,2020,53.75453606369969
5222 全訊,2021,56.99424332944923
5222 全訊,2022,52.2581439966037
5222 全訊,2023,49.4667463983679
5222 全訊,2024,54.033929954730894
5222 全訊,2025,44.28042073541174
5223 安力-KY,2020,52.866193943309035
5225 東科-KY,2020,64.0250906635094
5225 東科-KY,2021,46.2483504250583
5225 東科-KY,2022,38.33999982668454
5225 東科-KY,2023,40.2641469823462
5225 東科-KY,2024,44.218317366637436
5225 東科-KY,2025,42.537821118889724
5227 立凱-KY,2020,52.79419178878301
5228 鈺鎧,2020,58.81160097276581
5230 雷笛克光學,2020,69.30270571761015
5234 達興材料,2020,57.86749258836679
5234 達興材料,2021,85.09746648515943
5234 達興材料,2022,26.79525219892918
5234 達興材料,2023,63.966096516092904
5234 達興材料,2024,41.23061268686524
5234 達興材料,2025,56.078555125774955
5236 凌陽創新,2020,72.87255361147936
5243 乙盛-KY,2020,82.41465427190839
5243 乙盛-KY,2021,50.79062717096316
5243 乙盛-KY,2022,32.77480777226127
5243 乙盛-KY,2023,64.22177726859927
5243 乙盛-KY,2024,56.33066364486844
5243 乙盛-KY,2025,41.10826465697108
5244 弘凱,2020,57.00942510580048
5244 弘凱,2021,51.10487665134933
5244 弘凱,2022,45.248790094072845
5244 弘凱,2023,77.1581274757441
5244 弘凱,2024,41.00619501119031
5244 弘凱,2025,66.60098301223242
5245 智晶,2020,63.87495806902106
5251 天鉞電,2020,66.36561370098599
5258 虹堡,2020,49.38562057538298
5258 虹堡,2021,49.767170336927514
5258 虹堡,2022,34.20226127573236
5258 虹堡,2023,40.31226449621493
5258 虹堡,2024,45.70774727401544
5258 虹堡,2025,35.77009194885029
5263 智崴,2020,52.80216745450499
5269 祥碩,2020,41.971825893345176
5269 祥碩,2021,50.4099170646951
5269 祥碩,2022,31.3732258608235
5269 祥碩,2023,76.86844681831184
5269 祥碩,2024,54.29001252593903
5269 祥碩,2025,48.16917619220406
5272 笙科,2020,78.37899348675607
5274 信驊,2020,65.86288594441773
5276 達輝-KY,2020,55.11996408587782
5278 尚凡*,2020,56.615393635123034
5283 禾聯碩,2020,85.98157688555052
5283 禾聯碩,2021,58.40751728640722
5283 禾聯碩,2022,70.90116604225614
5283 禾聯碩,2023,57.87134269332558
5283 禾聯碩,2024,29.652568864371077
5283 禾聯碩,2025,39.65749910315247
5284 jpp-KY,2020,43.15687453751396
5284 jpp-KY,2021,53.70409102452206
5284 jpp-KY,2022,51.55828226176035
5284 jpp-KY,2023,49.52996110197196
5284 jpp-KY,2024,53.22187870750529
5284 jpp-KY,2025,43.89185536507296
5285 界霖,2020,73.4891128070127
5285 界霖,2021,66.28300706040243
5285 界霖,2022,22.561691891465827
5285 界霖,2023,50.01570715330813
5285 界霖,2024,43.186005640504845
5285 界霖,2025,50.74781408790743
5287 數字,2020,49.29772365352129
5288 豐祥-KY,2020,48.1542479032815
5288 豐祥-KY,2021,60.82696693661703
5288 豐祥-KY,2022,60.74618863392421
5288 豐祥-KY,2023,61.63046190868086
5288 豐祥-KY,2024,66.56301124635405
5288 豐祥-KY,2025,71.7999260115657
5289 宜鼎,2020,50.9892667932209
5291 邑昇,2020,48.63692461143498
5292 華懋,2020,64.45978478043443
5292 華懋,2021,43.9829079122956
5292 華懋,2022,57.8043287867002
5292 華懋,2023,51.456091773891785
5292 華懋,2024,40.66761915433316
5292 華懋,2025,81.05416965641862
5299 杰力,2020,58.352583253938725
5301 寶得利,2020,41.065210348735725
5302 太欣,2020,67.523066623947
5306 桂盟,2020,28.175679298763
5306 桂盟,2021,54.3530857432983
5306 桂盟,2022,39.407634948593554
5306 桂盟,2023,75.06835798722541
5306 桂盟,2024,22.63282515984542
5306 桂盟,2025,60.835609033122
5309 系統電,2020,44.082420462992914
5310 天剛,2020,50.69487100358273
5312 寶島科,2020,43.19087566271629
5314 世紀*,2020,48.565848503053054
5315 光聯,2020,56.89887704854668
5321 美而快,2020,39.7150458927406
5324 士開,2020,53.552644536759075
5328 華容,2020,69.79165864944156
5340 建榮,2020,49.548105230342436
5344 立衛,2020,49.08148487225807
5345 馥鴻,2020,40.678352330520056
5347 世界,2020,57.28830239779301
5348 正能量智能,2020,46.01697304295283
5351 鈺創,2020,56.20059639444859
5353 台林,2020,56.42408832543333
5355 佳總,2020,71.00028598816263
5356 協益,2020,64.49429279047585
5364 力麗店,2020,61.12197282707875
5371 中光電,2020,76.31078834867301
5381 合正,2020,58.335648064562626
5386 青雲,2020,65.32743073766073
5388 中磊,2020,48.269369513695956
5388 中磊,2021,82.16969210013201
5388 中磊,2022,36.72458355058731
5388 中磊,2023,59.97767026904979
5388 中磊,2024,56.642067387570464
5388 中磊,2025,36.764489650576394
5392 能率,2020,64.0788939972509
5398 慕康生醫,2020,40.919809798499465
5403 中菲,2020,65.92631022939159
5410 國眾,2020,57.888335883818
5425 台半,2020,63.630502427524306
5426 振發,2020,70.0310954895792
5432 新門,2020,50.00988127692935
5434 崇越,2020,51.29911185149607
5434 崇越,2021,79.53580514338022
5434 崇越,2022,45.4813825825792
5434 崇越,2023,49.225791070556845
5434 崇越,2024,12.439416289344786
5434 崇越,2025,40.15907990994785
5438 東友,2020,64.63301373784205
5439 高技,2020,57.68131504757837
5443 均豪,2020,59.487384485379835
5450 南良,2020,36.92842790710888
5452 佶優,2020,54.3003359819137
5455 昇益,2020,25.004980035178164
5457 宣德,2020,40.595994495031036
5460 同協,2020,64.15655787775245
5464 霖宏,2020,62.89084586776434
5465 富驊,2020,58.924222189405896
5468 凱鈺,2020,70.07477090480965
5469 瀚宇博,2020,42.45172433176584
5469 瀚宇博,2021,63.05436250876073
5469 瀚宇博,2022,37.678665850402794
5469 瀚宇博,2023,40.16328517561631
5469 瀚宇博,2024,68.85361621720105
5469 瀚宇博,2025,43.07643813126643
5471 松翰,2020,58.208862501873725
5471 松翰,2021,57.040410396736874
5471 松翰,2022,46.443414532842844
5471 松翰,2023,65.40145397116633
5471 松翰,2024,60.876070490877574
5471 松翰,2025,38.79560963974711
5474 聰泰,2020,42.840217939598304
5475 德宏,2020,62.97724529748685
5478 智冠,2020,78.58902266545104
5481 新華,2020,47.66841114985262
5483 中美晶,2020,72.5889838034101
5484 慧友,2020,60.15810537334648
5484 慧友,2021,33.60458214403562
5484 慧友,2022,56.76030393750507
5484 慧友,2023,54.03354689562018
5484 慧友,2024,53.49302539935018
5484 慧友,2025,48.31579721505286
5487 通泰,2020,55.567399988143976
5488 松普,2020,63.816585145398406
5489 彩富,2020,54.717427594022794
5490 同亨,2020,56.34172279214531
5493 三聯,2020,47.182528219416284
5498 凱崴,2020,59.17171001364733
5508 永信建,2020,69.13069149519974
5511 德昌,2020,61.650245443904005
5512 力麒,2020,63.58770496368994
5514 三豐,2020,60.46549220603743
5515 建國,2020,77.96209851098551
5515 建國,2021,73.22332934936144
5515 建國,2022,53.841288055517325
5515 建國,2023,51.2960252595834
5515 建國,2024,26.47852603881037
5515 建國,2025,66.94474806100351
5516 雙喜,2020,43.265209916518884
5519 隆大,2020,69.32576560817847
5519 隆大,2021,79.08337804203394
5519 隆大,2022,34.50350130069535
5519 隆大,2023,55.53928546450758
5519 隆大,2024,39.77993824182712
5519 隆大,2025,57.038682041232505
5520 力泰,2020,61.87406233520619
5521 工信,2020,49.35082634750675
5521 工信,2021,75.26362832116178
5521 工信,2022,63.48288257456151
5521 工信,2023,62.479884844205394
5521 工信,2024,30.183176088302194
5521 工信,2025,66.7103189316791
5522 遠雄,2020,54.28811700036263
5522 遠雄,2021,34.89558769465857
5522 遠雄,2022,51.96323265523508
5522 遠雄,2023,45.91102531298455
5522 遠雄,2024,37.68060312903238
5522 遠雄,2025,66.70802870446019
5523 豐謙,2020,56.83938815084289
5525 順天,2020,64.94115841718092
5525 順天,2021,45.724841597553585
5525 順天,2022,62.40936610705755
5525 順天,2023,79.98782084386329
5525 順天,2024,34.70371696444634
5525 順天,2025,46.06666110016936
5529 鉅陞,2020,70.16353009144136
5530 龍巖,2020,47.880549227194926
5531 鄉林,2020,53.906782546340125
5531 鄉林,2021,48.5200212299904
5531 鄉林,2022,54.26213902412786
5531 鄉林,2023,47.54631856384929
5531 鄉林,2024,41.627534905835894
5531 鄉林,2025,45.969204200533675
5533 皇鼎,2020,49.28645870812882
5533 皇鼎,2021,56.32875013032478
5533 皇鼎,2022,54.189832628362154
5533 皇鼎,2023,75.49198404660888
5533 皇鼎,2024,40.14904174021545
5533 皇鼎,2025,51.621622495766616
5534 長虹,2020,35.89328914399242
5534 長虹,2021,68.25986214461611
5534 長虹,2022,70.62788529661678
5534 長虹,2023,60.76461307250124
5534 長虹,2024,46.24167802077173
5534 長虹,2025,68.63709798079637
5536 聖暉*,2020,42.218358689331176
5538 東明-KY,2020,81.51720397780316
5538 東明-KY,2021,59.80586812785459
5538 東明-KY,2022,62.94680733540573
5538 東明-KY,2023,65.97796357495021
5538 東明-KY,2024,38.36283409535769
5538 東明-KY,2025,68.60922379438735
5543 桓鼎-KY,2020,44.286054052081205
5546 永固-KY,2020,47.28008451646524
5546 永固-KY,2021,37.548713473155395
5546 永固-KY,2022,59.30208128316961
5546 永固-KY,2023,43.573777156029315
5546 永固-KY,2024,39.21395768985031
5546 永固-KY,2025,51.60996448788846
5547 久舜,2020,63.253211418110155
5601 台聯櫃,2020,53.26203229327082
5603 陸海,2020,51.36089672525603
5604 中連,2020,39.62378245426297
5607 遠雄港,2020,55.18791550883411
5607 遠雄港,2021,57.48380793088821
5607 遠雄港,2022,62.90583271656246
5607 遠雄港,2023,55.25879836940144
5607 遠雄港,2024,43.677212581220616
5607 遠雄港,2025,47.95659881141267
5608 四維航,2020,68.38176599250609
5608 四維航,2021,41.58638423290216
5608 四維航,2022,41.785328728147945
5608 四維航,2023,39.25913810045235
5608 四維航,2024,31.224386277907517
5608 四維航,2025,46.21264450434541
5609 中菲行,2020,48.6054405864528
5701 劍湖山,2020,49.07067075715273
5703 亞都,2020,57.963708029853436
5704 老爺知,2020,51.54925799980088
5706 鳳凰,2020,38.03035819932932
5706 鳳凰,2021,47.400583236594485
5706 鳳凰,2022,59.443934833612346
5706 鳳凰,2023,63.3193325558062
5706 鳳凰,2024,36.009628853955505
5706 鳳凰,2025,46.45807853116539
5864 致和證,2020,88.70728106602601
5871 中租-KY,2020,69.80245742608534
5871 中租-KY,2021,68.19487965624998
5871 中租-KY,2022,56.27821922802775
5871 中租-KY,2023,74.171835361585
5871 中租-KY,2024,42.99581424916442
5871 中租-KY,2025,49.59792680310688
5876 上海商銀,2020,76.73513818014311
5876 上海商銀,2021,51.616655016745874
5876 上海商銀,2022,32.90305677058823
5876 上海商銀,2023,71.93934110407743
5876 上海商銀,2024,39.73285958176085
5876 上海商銀,2025,55.17939583934491
5878 台名,2020,42.75319850859685
5880 合庫金,2020,73.6065384375923
5880 合庫金,2021,72.07819014192833
5880 合庫金,2022,48.73296572388636
5880 合庫金,2023,57.17962090766792
5880 合庫金,2024,27.413448886015924
5880 合庫金,2025,47.65591029920622
5902 德記,2020,52.31759023552468
5903 全家,2020,46.90137571619907
5904 寶雅,2020,39.16064644226746
5905 南仁湖,2020,48.68573149618599
5906 台南-KY,2020,69.83955254123691
5906 台南-KY,2021,44.89258157818132
5906 台南-KY,2022,53.84139860099254
5906 台南-KY,2023,25.94040095916749
5906 台南-KY,2024,48.06226325850449
5906 台南-KY,2025,53.99016942006115
5907 大洋-KY,2020,52.514709982526895
5907 大洋-KY,2021,47.71201169102526
5907 大洋-KY,2022,48.4676740069706
5907 大洋-KY,2023,64.34634779235293
5907 大洋-KY,2024,35.10256182124346
5907 大洋-KY,2025,39.38382822799348
6005 群益證,2020,61.30998145848605
6005 群益證,2021,73.7895123197981
6005 群益證,2022,32.926256450471286
6005 群益證,2023,74.95759367811561
6005 群益證,2024,50.41327294142545
6005 群益證,2025,39.25913952363643
6015 宏遠證,2020,88.65663725176172
6016 康和證,2020,85.68620695828514
6020 大展證,2020,74.54963777921857
6021 美好證,2020,71.42134150857312
6023 元大期,2020,65.68199314432627
6024 群益期,2020,77.91494286396218
6024 群益期,2021,63.9767113464944
6024 群益期,2022,40.13073499732481
6024 群益期,2023,70.71715833988446
6024 群益期,2024,55.58659227995222
6024 群益期,2025,53.30540556676879
6026 福邦證,2020,71.61036167606636
6028 公勝保經,2020,55.50592309839226
6101 寬魚國際,2020,55.64734069240435
6103 合邦,2020,79.55654844186041
6104 創惟,2020,49.98093998173446
6108 競國,2020,51.33617079706848
6108 競國,2021,63.35109209527322
6108 競國,2022,39.356420255486476
6108 競國,2023,55.06737696949531
6108 競國,2024,54.444035861444576
6108 競國,2025,52.64933695989665
6109 亞元,2020,54.639671831214024
6111 光聚晶電,2020,73.6879802672785
6112 邁達特,2020,79.54441082823165
6112 邁達特,2021,73.4063596111579
6112 邁達特,2022,56.259379503890386
6112 邁達特,2023,47.1886578150292
6112 邁達特,2024,50.20736226991984
6112 邁達特,2025,42.985848594609436
6113 亞矽,2020,64.98690070149496
6114 久威,2020,47.72965348702245
6115 鎰勝,2020,74.68983067355447
6115 鎰勝,2021,62.08151782162831
6115 鎰勝,2022,45.94061846922617
6115 鎰勝,2023,70.3625219770984
6115 鎰勝,2024,46.81745945915182
6115 鎰勝,2025,52.6706808786229
6116 彩晶,2020,41.01477988035326
6116 彩晶,2021,82.99354758085833
6116 彩晶,2022,52.469542125309
6116 彩晶,2023,77.53008315599604
6116 彩晶,2024,58.179892230860155
6116 彩晶,2025,64.47210341033764
6117 迎廣,2020,64.33380148575775
6117 迎廣,2021,78.96639998140265
6117 迎廣,2022,43.45441931340829
6117 迎廣,2023,59.821663438485594
6117 迎廣,2024,39.81555232745138
6117 迎廣,2025,55.38998157856669
6118 建達,2020,56.08327204764407
6120 達運,2020,50.51548111584088
6120 達運,2021,78.40058375357408
6120 達運,2022,38.22928530751369
6120 達運,2023,46.06175408028841
6120 達運,2024,42.06318501547123
6120 達運,2025,48.265848182975944
6121 新普,2020,56.276184875994275
6122 擎邦,2020,53.93773572151386
6123 上奇,2020,63.45512213221556
6124 業強,2020,41.095461501377116
6125 廣運,2020,50.7626850653079
6126 信音,2020,48.875229361737404
6127 九豪,2020,58.63284752223641
6128 上福,2020,57.64631742885307
6128 上福,2021,47.52905943231834
6128 上福,2022,52.824695237149086
6128 上福,2023,37.71064780812202
6128 上福,2024,36.819461072381024
6128 上福,2025,37.41340149233679
6129 普誠,2020,80.86803662343961
6130 上亞科技,2020,36.67671003458259
6133 金橋,2020,63.32864625827135
6133 金橋,2021,73.08618830082946
6133 金橋,2022,36.75437481507702
6133 金橋,2023,55.56446577989805
6133 金橋,2024,12.769229859946782
6133 金橋,2025,57.14239334048854
6134 萬旭,2020,58.27101563400614
6136 富爾特,2020,67.41811855979459
6136 富爾特,2021,70.50227100611204
6136 富爾特,2022,45.9557264500605
6136 富爾特,2023,54.60230380922862
6136 富爾特,2024,54.24617021781104
6136 富爾特,2025,55.80980832378876
6138 茂達,2020,50.28968886013665
6139 亞翔,2020,72.99745689935
6139 亞翔,2021,93.04696727376349
6139 亞翔,2022,52.77456111140806
6139 亞翔,2023,76.602073503169
6139 亞翔,2024,70.74896751889646
6139 亞翔,2025,55.911073548156544
6140 訊達,2020,54.37619584142879
6141 柏承,2020,46.926873365645974
6141 柏承,2021,85.07145406445463
6141 柏承,2022,34.281831971257475
6141 柏承,2023,67.2294930205065
6141 柏承,2024,63.12374454387818
6141 柏承,2025,40.12589863422548
6142 友勁,2020,44.527647145669
6142 友勁,2021,60.021326284332154
6142 友勁,2022,57.59664664866108
6142 友勁,2023,54.01344879201929
6142 友勁,2024,50.04158524782871
6142 友勁,2025,38.94143613708372
6143 振曜,2020,63.65446254571393
6144 得利影,2020,38.96487135788835
6146 耕興,2020,65.25534462936943
6147 頎邦,2020,53.529795273770695
6148 驊宏資,2020,48.35488267750248
6150 撼訊,2020,60.78963041675331
6151 晉倫,2020,66.15777164833736
6152 百一,2020,67.18712824701886
6152 百一,2021,59.035982103224015
6152 百一,2022,43.59099329502088
6152 百一,2023,78.52775161490014
6152 百一,2024,49.703874125635686
6152 百一,2025,55.41776799269801
6153 嘉聯益,2020,42.04073123610788
6153 嘉聯益,2021,76.04850941040927
6153 嘉聯益,2022,29.250304696627666
6153 嘉聯益,2023,48.785895656000946
6153 嘉聯益,2024,34.29038833601305
6153 嘉聯益,2025,45.30607798646781
6154 順發,2020,55.52934266265781
6155 鈞寶,2020,49.92507659338736
6155 鈞寶,2021,62.288209110165205
6155 鈞寶,2022,49.25424148705685
6155 鈞寶,2023,18.658505894534247
6155 鈞寶,2024,49.617094143909654
6155 鈞寶,2025,58.45908159460523
6156 松上,2020,49.35723198173995
6158 禾昌,2020,51.91540162546706
6160 欣技,2020,51.32817889074492
6161 捷波,2020,55.445480818926185
6163 華電網,2020,55.95833393086799
6164 華興,2020,76.39649283149896
6164 華興,2021,65.71712315316044
6164 華興,2022,44.799900269238805
6164 華興,2023,67.47828297924805
6164 華興,2024,36.511304420082965
6164 華興,2025,68.38796019400878
6165 浪凡,2020,28.50285316061878
6165 浪凡,2021,45.11617722706895
6165 浪凡,2022,51.636785563464386
6165 浪凡,2023,91.06068584984973
6165 浪凡,2024,40.28919502407314
6165 浪凡,2025,45.42687928739
6166 凌華,2020,30.96868801405279
6166 凌華,2021,71.68298920561644
6166 凌華,2022,55.64512388783199
6166 凌華,2023,68.17759380879089
6166 凌華,2024,55.82017465816257
6166 凌華,2025,46.75417760190565
6167 久正,2020,76.78199728027651
6168 宏齊,2020,79.89412589081468
6168 宏齊,2021,48.232146726871584
6168 宏齊,2022,36.08176884714636
6168 宏齊,2023,37.99371936208437
6168 宏齊,2024,71.34878441130583
6168 宏齊,2025,44.02371054482136
6169 昱泉,2020,65.65397632615705
6170 統振,2020,52.93419935900804
6171 大城地產,2020,39.73816304424502
6173 信昌電,2020,53.90850950983156
6174 安碁,2020,65.84539619407708
6175 立敦,2020,74.4653780752722
6176 瑞儀,2020,43.40335225165069
6176 瑞儀,2021,75.5180106176812
6176 瑞儀,2022,46.27049254938039
6176 瑞儀,2023,53.085363458570654
6176 瑞儀,2024,50.234803435993335
6176 瑞儀,2025,53.99114851179192
6177 達麗,2020,40.96345350772681
6177 達麗,2021,77.90153174538302
6177 達麗,2022,67.40391213115281
6177 達麗,2023,59.902650951144665
6177 達麗,2024,50.83550239770985
6177 達麗,2025,78.59422588288332
6179 亞通,2020,53.79916641761243
6180 橘子,2020,69.98815568459376
6182 合晶,2020,58.03128154503091
6183 關貿,2020,77.65350071767793
6183 關貿,2021,66.49922461393297
6183 關貿,2022,51.84065762869243
6183 關貿,2023,43.61257968269475
6183 關貿,2024,58.42508550564903
6183 關貿,2025,43.124394799032984
6184 大豐電,2020,67.49331417235973
6184 大豐電,2021,80.49518725689914
6184 大豐電,2022,56.85162906453154
6184 大豐電,2023,45.663546335870706
6184 大豐電,2024,44.84593862538464
6184 大豐電,2025,44.62485985051221
6185 幃翔,2020,46.590610689111955
6186 新潤,2020,45.3646050972178
6187 萬潤,2020,58.12123968551
6188 廣明,2020,50.2307468886971
6189 豐藝,2020,57.954097909928684
6189 豐藝,2021,80.16561789813893
6189 豐藝,2022,48.680797926123354
6189 豐藝,2023,44.394335306243924
6189 豐藝,2024,35.320035202511676
6189 豐藝,2025,43.09272015424116
6190 萬泰科,2020,63.671658985013465
6191 精成科,2020,46.570460311162385
6191 精成科,2021,55.48291379332863
6191 精成科,2022,36.02662727484527
6191 精成科,2023,39.96150772279894
6191 精成科,2024,63.19767787337821
6191 精成科,2025,42.25220685664583
6192 巨路,2020,63.50867760714457
6192 巨路,2021,91.83229353927554
6192 巨路,2022,36.986765621847134
6192 巨路,2023,55.535300855894654
6192 巨路,2024,71.76532365355033
6192 巨路,2025,68.05521025881292
6194 育富,2020,47.57466573497694
6195 詩肯,2020,62.34173474955447
6196 帆宣,2020,75.33349639922147
6196 帆宣,2021,78.49948806232041
6196 帆宣,2022,51.53913492959546
6196 帆宣,2023,81.80862778710761
6196 帆宣,2024,45.017498233874456
6196 帆宣,2025,69.42426513069277
6197 佳必琪,2020,45.02481214548359
6197 佳必琪,2021,77.48339796736067
6197 佳必琪,2022,51.661835864642455
6197 佳必琪,2023,36.118447221641375
6197 佳必琪,2024,31.18841151486732
6197 佳必琪,2025,51.71549994376584
6198 瑞築,2020,52.84426840837369
6199 天品,2020,46.47712527758644
6201 亞弘電,2020,60.50275706280207
6201 亞弘電,2021,78.4441217009571
6201 亞弘電,2022,41.41704074925997
6201 亞弘電,2023,64.99184868213096
6201 亞弘電,2024,42.658219769560795
6201 亞弘電,2025,52.419491058256995
6202 盛群,2020,60.22295593133651
6202 盛群,2021,75.28269934852236
6202 盛群,2022,49.108547348477906
6202 盛群,2023,68.33393470528074
6202 盛群,2024,35.95654379216135
6202 盛群,2025,43.62106823989872
6203 海韻電,2020,53.7532231454771
6204 艾華,2020,65.04865248460018
6205 詮欣,2020,56.60228581134989
6205 詮欣,2021,75.84400916425408
6205 詮欣,2022,24.099726794912215
6205 詮欣,2023,38.88817679700779
6205 詮欣,2024,49.718877061313805
6205 詮欣,2025,89.60034130915014
6206 飛捷,2020,71.65725582919814
6206 飛捷,2021,51.075186082736465
6206 飛捷,2022,56.421510003911145
6206 飛捷,2023,55.95245308243353
6206 飛捷,2024,59.55123608784507
6206 飛捷,2025,43.726151755962746
6207 雷科,2020,55.59550064202187
6208 日揚,2020,49.20454365919634
6209 今國光,2020,55.68120055959429
6209 今國光,2021,58.325813731368804
6209 今國光,2022,17.95416711176206
6209 今國光,2023,48.00126861644203
6209 今國光,2024,63.734878714862
6209 今國光,2025,64.88330748569412
6210 慶生,2020,50.80845434437716
6212 理銘,2020,40.585546132323444
6213 聯茂,2020,49.842096297111496
6213 聯茂,2021,79.71240033999344
6213 聯茂,2022,48.21639730080058
6213 聯茂,2023,61.39373220792268
6213 聯茂,2024,49.029041233313855
6213 聯茂,2025,54.63795048435753
6214 精誠,2020,59.7184580721973
6214 精誠,2021,57.60173339248631
6214 精誠,2022,46.83180089623183
6214 精誠,2023,65.82822504877645
6214 精誠,2024,54.59843193122095
6214 精誠,2025,42.031644020746306
6215 和椿,2020,56.86039423042566
6215 和椿,2021,60.349724035773114
6215 和椿,2022,40.79428266713999
6215 和椿,2023,71.27114174478993
6215 和椿,2024,73.59742277219733
6215 和椿,2025,41.71980931779121
6216 居易,2020,58.969332378546156
6216 居易,2021,58.69436305336454
6216 居易,2022,36.456876384644126
6216 居易,2023,47.007168257045166
6216 居易,2024,29.908436412223132
6216 居易,2025,48.069126659885605
6217 中探針,2020,49.5990807288722
6218 豪勉,2020,51.26616877835062
6219 富旺,2020,81.71894135170025
6220 岳豐,2020,47.94706582460714
6221 晉泰,2020,55.42427928399266
6222 立軒,2020,45.42415513179762
6223 旺矽,2020,54.00910240957582
6224 聚鼎,2020,60.14299108434156
6224 聚鼎,2021,48.44472922910516
6224 聚鼎,2022,40.59575779931308
6224 聚鼎,2023,54.54402721277304
6224 聚鼎,2024,43.398823565501274
6224 聚鼎,2025,53.855484089010815
6225 天瀚,2020,57.268870540957785
6225 天瀚,2021,63.32364992242925
6225 天瀚,2022,82.85186970113814
6225 天瀚,2023,45.94447148180596
6225 天瀚,2024,48.79107882090983
6225 天瀚,2025,61.686430566250415
6226 光鼎,2020,73.09138647794848
6226 光鼎,2021,54.61871470202744
6226 光鼎,2022,25.737836826672506
6226 光鼎,2023,51.74516290548912
6226 光鼎,2024,32.9895149751566
6226 光鼎,2025,56.775670761157635
6227 茂綸,2020,44.87945152913993
6228 全譜,2020,49.543204651086484
6229 研通,2020,57.47718842986481
6230 尼得科超眾,2020,38.63467552616093
6230 尼得科超眾,2021,46.26925424218753
6230 尼得科超眾,2022,30.641287174811605
6230 尼得科超眾,2023,85.63520782442447
6230 尼得科超眾,2024,39.92934661199038
6230 尼得科超眾,2025,45.0296471770384
6231 系微,2020,68.84295088913716
6233 旺玖,2020,52.53697931385003
6234 高僑,2020,39.85445651815171
6235 華孚,2020,61.83423537570162
6235 華孚,2021,74.55867957856591
6235 華孚,2022,35.3602675202909
6235 華孚,2023,57.069294318951734
6235 華孚,2024,52.00895248975381
6235 華孚,2025,53.50776033384711
6236 中湛,2020,62.551491371978905
6237 驊訊,2020,71.55741632291695
6239 力成,2020,48.46868555208242
6239 力成,2021,46.76391246689919
6239 力成,2022,29.684768008900335
6239 力成,2023,52.18667365646081
6239 力成,2024,49.53970479821175
6239 力成,2025,59.43149751855354
6240 松崗,2020,50.435339009267544
6241 易通展,2020,50.66934086768524
6242 立康,2020,35.234954788780605
6243 迅杰,2020,61.73465944863275
6243 迅杰,2021,41.46839320973207
6243 迅杰,2022,40.77655323649274
6243 迅杰,2023,64.03900110402212
6243 迅杰,2024,36.3607100386775
6243 迅杰,2025,62.23552574051745
6244 茂迪,2020,51.30919696475525
6245 立端,2020,61.333595436314866
6246 臺龍,2020,46.05259223984525
6248 沛波,2020,56.79582551697757
6257 矽格,2020,48.45176684083255
6257 矽格,2021,55.0542674024573
6257 矽格,2022,43.884779242157116
6257 矽格,2023,39.25509705303642
6257 矽格,2024,36.87599896806533
6257 矽格,2025,70.06467231625734
6259 百徽,2020,31.75690593810561
6261 久元,2020,61.501772125284226
6263 普萊德,2020,50.4697983450869
6264 富裔,2020,62.82190642626914
6265 方土昶,2020,72.0239796559297
6266 泰詠,2020,54.141759968998684
6269 台郡,2020,62.74128922986885
6269 台郡,2021,62.181650425430924
6269 台郡,2022,30.35424024566476
6269 台郡,2023,50.69391009182625
6269 台郡,2024,41.829808153453804
6269 台郡,2025,55.4074328396538
6270 倍微,2020,68.2426853715305
6271 同欣電,2020,29.989570421862744
6271 同欣電,2021,61.193206448086755
6271 同欣電,2022,32.28260911615601
6271 同欣電,2023,54.59699818573627
6271 同欣電,2024,62.90567678303161
6271 同欣電,2025,59.80193246371909
6272 驊陞,2020,62.30324990612222
6272 驊陞,2021,60.32980234353016
6272 驊陞,2022,56.210398782553575
6272 驊陞,2023,63.50366760123585
6272 驊陞,2024,65.06047792784943
6272 驊陞,2025,32.71956617587339
6274 台燿,2020,53.43496985805747
6275 元山,2020,67.33958675775918
6276 安鈦克,2020,51.20051892596093
6277 宏正,2020,63.12443119837088
6277 宏正,2021,55.90520077680745
6277 宏正,2022,59.49840554613098
6277 宏正,2023,65.0613938546104
6277 宏正,2024,35.256366686114795
6277 宏正,2025,45.19926231197406
6278 台表科,2020,65.21952849097316
6278 台表科,2021,73.54917907211811
6278 台表科,2022,26.308294394316935
6278 台表科,2023,62.70697796611988
6278 台表科,2024,59.259898116546154
6278 台表科,2025,40.400017482491315
6279 胡連,2020,60.21631439306196
6281 全國電,2020,80.23089706759181
6281 全國電,2021,45.163228559837634
6281 全國電,2022,67.44111164527091
6281 全國電,2023,55.21986735910842
6281 全國電,2024,59.88576317577326
6281 全國電,2025,44.006436720176644
6282 康舒,2020,56.0761285086923
6282 康舒,2021,52.66000067886185
6282 康舒,2022,44.947037842335554
6282 康舒,2023,54.04465345948436
6282 康舒,2024,32.53909957766684
6282 康舒,2025,58.634300438638064
6283 淳安,2020,49.19006825916325
6283 淳安,2021,34.156844332843214
6283 淳安,2022,25.86961896929368
6283 淳安,2023,63.121773331945505
6283 淳安,2024,49.597378862120564
6283 淳安,2025,50.01262209367887
6284 佳邦,2020,70.41337735834354
6285 啟碁,2020,48.14041507475855
6285 啟碁,2021,67.99970427020828
6285 啟碁,2022,27.332786082413296
6285 啟碁,2023,52.49611697007782
6285 啟碁,2024,65.36369213359828
6285 啟碁,2025,40.76045730015977
6290 良維,2020,43.50907392046549
6291 沛亨,2020,35.80601897062067
6292 迅德,2020,62.96770327760831
6294 智基,2020,53.203873940723376
6405 悅城,2020,53.12678150244492
6405 悅城,2021,56.84739818284152
6405 悅城,2022,64.03150564811236
6405 悅城,2023,35.322782398875106
6405 悅城,2024,29.412047138656078
6405 悅城,2025,59.60571821414724
6409 旭隼,2020,92.10708347012292
6409 旭隼,2021,48.816595478379504
6409 旭隼,2022,36.92375501335356
6409 旭隼,2023,76.81425047223928
6409 旭隼,2024,42.55243519799805
6409 旭隼,2025,40.869326112379206
6411 晶焱,2020,63.2492828749722
6412 群電,2020,49.004245624894985
6412 群電,2021,54.189668863055665
6412 群電,2022,47.15563555153462
6412 群電,2023,77.32285341765143
6412 群電,2024,45.30287160768596
6412 群電,2025,50.70725436672806
6414 樺漢,2020,52.80139743966698
6414 樺漢,2021,62.12395259200797
6414 樺漢,2022,55.13794303194535
6414 樺漢,2023,48.4626320836793
6414 樺漢,2024,39.77229768520665
6414 樺漢,2025,42.56850033480304
6415 矽力*-KY,2020,57.64178901783834
6415 矽力*-KY,2021,65.2476265172742
6415 矽力*-KY,2022,36.94917485605001
6415 矽力*-KY,2023,84.00420910896138
6415 矽力*-KY,2024,40.4877059839173
6415 矽力*-KY,2025,41.594673899432486
6416 瑞祺電通,2020,36.928288616946666
6416 瑞祺電通,2021,43.269847037186054
6416 瑞祺電通,2022,28.976699382572935
6416 瑞祺電通,2023,75.55370643495976
6416 瑞祺電通,2024,46.28337047432278
6416 瑞祺電通,2025,73.39827569978685
6417 韋僑,2020,96.56896212115682
6418 詠昇,2020,54.0852305529674
6419 京晨科,2020,51.368064790742615
6423 億而得,2020,45.43549624052664
6425 易發,2020,46.49165814864723
6426 統新,2020,46.44753966652696
6426 統新,2021,73.38916038977754
6426 統新,2022,21.367873723339926
6426 統新,2023,44.87824869484657
6426 統新,2024,50.72425706450768
6426 統新,2025,57.867289100615174
6431 光麗-KY,2020,50.80396952341771
6431 光麗-KY,2021,13.029061999570205
6431 光麗-KY,2022,43.958374548220654
6431 光麗-KY,2023,76.26251715756783
6431 光麗-KY,2024,47.0894683587924
6431 光麗-KY,2025,52.6295132280158
6432 今展科,2020,56.36467048691834
6435 大中,2020,65.37887061364796
6438 迅得,2020,55.435435929094936
6438 迅得,2021,74.9586926429512
6438 迅得,2022,31.19473631294883
6438 迅得,2023,57.42781925173118
6438 迅得,2024,58.46492754032141
6438 迅得,2025,50.45806249144125
6441 廣錠,2020,35.86356536766156
6442 光聖,2020,43.361775239912504
6442 光聖,2021,64.13935526845056
6442 光聖,2022,17.468267431031485
6442 光聖,2023,73.47288272865775
6442 光聖,2024,71.68550639224117
6442 光聖,2025,60.65247787592472
6443 元晶,2020,53.07474871726505
6443 元晶,2021,65.87711959399164
6443 元晶,2022,51.40100670052532
6443 元晶,2023,47.35197084855091
6443 元晶,2024,30.108873645736463
6443 元晶,2025,75.5883245128369
6446 藥華藥,2020,41.19852657855919
6446 藥華藥,2021,47.07979870361758
6446 藥華藥,2022,22.291478204797702
6446 藥華藥,2023,64.40616725940185
6446 藥華藥,2024,67.33438639823572
6446 藥華藥,2025,31.61275200371001
6449 鈺邦,2020,55.27362920064262
6449 鈺邦,2021,85.07276803090392
6449 鈺邦,2022,33.77674932104381
6449 鈺邦,2023,62.06965496410282
6449 鈺邦,2024,54.32604394839661
6449 鈺邦,2025,43.8253923639086
6451 訊芯-KY,2020,67.67327867895744
6451 訊芯-KY,2021,47.0545987919685
6451 訊芯-KY,2022,25.496388322405334
6451 訊芯-KY,2023,27.20915243253405
6451 訊芯-KY,2024,53.419398981473066
6451 訊芯-KY,2025,55.21075462685562
6456 GIS-KY,2020,60.2122451289418
6456 GIS-KY,2021,43.44348669087651
6456 GIS-KY,2022,28.340790157620187
6456 GIS-KY,2023,50.13969834215444
6456 GIS-KY,2024,58.25251710753702
6456 GIS-KY,2025,43.62452033226063
6461 益得,2020,45.645210400102734
6462 神盾,2020,55.36526083859547
6464 台數科,2020,71.5981068533804
6464 台數科,2021,4.266252032561194
6464 台數科,2022,30.33358829289115
6464 台數科,2023,50.62749455828146
6464 台數科,2024,62.819864465311746
6464 台數科,2025,49.9109328748343
6465 威潤,2020,56.02682945169993
6469 大樹,2020,50.68777159405434
6470 宇智,2020,45.97977796636749
6472 保瑞,2020,51.411329178820175
6472 保瑞,2021,29.162683094518695
6472 保瑞,2022,53.905555098932275
6472 保瑞,2023,47.01268389696226
6472 保瑞,2024,48.214557482175664
6472 保瑞,2025,31.24792427573843
6474 華豫寧,2020,77.37346974999618
6477 安集,2020,62.18474300352543
6477 安集,2021,63.91275945748599
6477 安集,2022,40.72722852626353
6477 安集,2023,50.38228160198576
6477 安集,2024,39.9956231514574
6477 安集,2025,46.39529706853076
6482 弘煜科,2020,48.83947097975153
6485 點序,2020,62.67561358316335
6486 互動,2020,69.00335801935937
6488 環球晶,2020,71.42920455220103
6491 晶碩,2020,59.60605903127502
6491 晶碩,2021,64.26569949271726
6491 晶碩,2022,60.44842727999505
6491 晶碩,2023,51.9874769128625
6491 晶碩,2024,67.20680203023635
6491 晶碩,2025,38.36564024606475
6492 生華科,2020,52.37168016156978
6494 九齊,2020,64.44512740023491
6496 科懋,2020,54.34124140167707
6498 久禾光,2020,56.63108887331636
6499 益安,2020,22.733128709103692
6504 南六,2020,50.06787517916155
6504 南六,2021,40.343662288196015
6504 南六,2022,46.77196918012628
6504 南六,2023,36.22894615457877
6504 南六,2024,45.61059966667641
6504 南六,2025,40.41541072122386
6505 台塑化,2020,78.53876576029879
6505 台塑化,2021,43.81424407612448
6505 台塑化,2022,44.695525854476074
6505 台塑化,2023,37.78736389158395
6505 台塑化,2024,19.00151387105623
6505 台塑化,2025,41.73089773988692
6506 雙邦,2020,72.50061448904039
6508 惠光,2020,56.85857779229213
6509 聚和,2020,61.658616737998294
6510 精測,2020,51.502955258616254
6512 啟發電,2020,53.198923893440266
6515 穎崴,2020,42.538220506584466
6515 穎崴,2021,77.08377678921543
6515 穎崴,2022,50.16780549763645
6515 穎崴,2023,62.20587219502664
6515 穎崴,2024,50.60997485902966
6515 穎崴,2025,60.02050912884565
6516 勤崴國際,2020,44.40848060417406
6523 達爾膚,2020,44.43760993160263
6525 捷敏-KY,2020,74.17164786113734
6525 捷敏-KY,2021,57.15040262891809
6525 捷敏-KY,2022,24.923281897302026
6525 捷敏-KY,2023,50.46732340087576
6525 捷敏-KY,2024,41.395257937663025
6525 捷敏-KY,2025,48.20808979585366
6526 達發,2022,19.86005907204145
6526 達發,2023,56.517838167090396
6526 達發,2024,51.85833716327474
6526 達發,2025,47.29867377179867
6527 明達醫,2020,48.64632271461281
6530 創威,2020,65.6123221070491
6531 愛普*,2020,60.73720249808826
6531 愛普*,2021,51.10665539965059
6531 愛普*,2022,25.201394724247123
6531 愛普*,2023,64.92029803305613
6531 愛普*,2024,41.953786601789076
6531 愛普*,2025,68.58242767868707
6532 瑞耘,2020,48.52225218316683
6533 晶心科,2020,73.44924976214605
6533 晶心科,2021,50.975174193040175
6533 晶心科,2022,45.717886102667535
6533 晶心科,2023,67.85545286418986
6533 晶心科,2024,62.95134219772087
6533 晶心科,2025,32.335141032425454
6535 順藥,2020,47.946788522576945
6538 倉和,2020,39.22549801356855
6541 泰福-KY,2020,36.87617578294501
6541 泰福-KY,2021,29.445824773055847
6541 泰福-KY,2022,34.50269560099604
6541 泰福-KY,2023,26.372802412099745
6541 泰福-KY,2024,66.44345266393368
6541 泰福-KY,2025,41.528320586467906
6542 隆中,2020,68.32079272111345
6546 正基,2020,36.37478791894927
6547 高端疫苗,2020,56.838709218938035
6548 長科*,2020,64.9459634595813
6550 北極星藥業-KY,2020,57.5745702810584
6550 北極星藥業-KY,2021,61.36656764867199
6550 北極星藥業-KY,2022,25.692348037236396
6550 北極星藥業-KY,2023,57.23318630637891
6550 北極星藥業-KY,2024,45.41340292985562
6550 北極星藥業-KY,2025,50.94533566982186
6552 易華電,2020,60.60481716230686
6552 易華電,2021,62.32782603391562
6552 易華電,2022,23.799941612356918
6552 易華電,2023,44.569358183611676
6552 易華電,2024,35.66558446744914
6552 易華電,2025,53.048438762312486
6556 勝品,2020,48.866559735452356
6558 興能高,2020,42.91261133509895
6558 興能高,2021,59.1301335020877
6558 興能高,2022,35.44849787661876
6558 興能高,2023,40.06377377522709
6558 興能高,2024,55.12666179762499
6558 興能高,2025,42.640955647394186
6560 欣普羅,2020,42.634148189710956
6561 是方,2020,35.871127178581894
6568 宏觀,2020,44.40910683146429
6569 醫揚,2020,50.8678460283462
6570 維田,2020,48.90232233037703
6573 虹揚-KY,2020,49.62931563878683
6573 虹揚-KY,2021,40.03871927747482
6573 虹揚-KY,2022,39.78592825196818
6573 虹揚-KY,2023,41.03275795944015
6573 虹揚-KY,2024,45.42268789808453
6573 虹揚-KY,2025,48.8612348642701
6574 霈方,2020,57.34928459618372
6576 逸達,2020,46.50003119605597
6577 勁豐,2020,41.45230594672866
6578 達邦蛋白,2020,71.95051057684637
6579 研揚,2020,60.003863325281415
6579 研揚,2021,87.5308101573483
6579 研揚,2022,58.961359744848984
6579 研揚,2023,56.95806915097026
6579 研揚,2024,49.36454888743124
6579 研揚,2025,40.7700905616036
6581 鋼聯,2020,40.477548026774926
6581 鋼聯,2021,65.59357571647546
6581 鋼聯,2022,46.97019856775832
6581 鋼聯,2023,68.748796300743
6581 鋼聯,2024,46.83172594705907
6581 鋼聯,2025,44.923088240978146
6582 申豐,2020,42.44475721877613
6582 申豐,2021,49.051421954971566
6582 申豐,2022,44.99221874409333
6582 申豐,2023,46.425427563267675
6582 申豐,2024,39.762779033173665
6582 申豐,2025,38.00949514718765
6584 南俊國際,2020,34.14230473951809
6585 鼎基,2020,79.82714020761982
6585 鼎基,2021,79.39439810067182
6585 鼎基,2022,76.48949681783303
6585 鼎基,2023,69.99362240478531
6585 鼎基,2024,60.99622877664316
6585 鼎基,2025,40.77883237940267
6588 東典光電,2020,47.370906137139066
6589 台康生技,2020,41.75053048394724
6589 台康生技,2021,49.513032756002325
6589 台康生技,2022,37.28857040872387
6589 台康生技,2023,46.339047679779334
6589 台康生技,2024,38.191323898884455
6589 台康生技,2025,28.5143561314369
6590 普鴻,2020,47.30773412610294
6591 動力-KY,2020,38.92829462574425
6591 動力-KY,2021,57.95155399782681
6591 動力-KY,2022,34.4042350846681
6591 動力-KY,2023,56.087785946381295
6591 動力-KY,2024,64.91826384653378
6591 動力-KY,2025,42.669913616279246
6592 和潤企業,2020,56.82885965797073
6592 和潤企業,2021,65.67472776335627
6592 和潤企業,2022,59.829132712081915
6592 和潤企業,2023,59.26205461650112
6592 和潤企業,2024,33.873194164162115
6592 和潤企業,2025,35.77574289601062
6593 台灣銘板,2020,69.88107193577584
6596 寬宏藝術,2020,43.29754543751779
6597 立誠,2020,63.00725097310267
6598 ABC-KY,2020,40.967815164150934
6598 ABC-KY,2021,53.05142726747041
6598 ABC-KY,2022,65.0488092139765
6598 ABC-KY,2023,39.16663554421685
6598 ABC-KY,2024,29.828972370326635
6598 ABC-KY,2025,54.98191541908469
6603 富強鑫,2020,58.611904711844986
6605 帝寶,2020,86.9687843238657
6605 帝寶,2021,63.66627905167375
6605 帝寶,2022,44.300687069795934
6605 帝寶,2023,43.392300758424355
6605 帝寶,2024,29.99959681897687
6605 帝寶,2025,47.78076026782536
6606 建德工業,2020,49.505313453606234
6606 建德工業,2021,61.37013374967572
6606 建德工業,2022,54.04516703893826
6606 建德工業,2023,56.00877822785111
6606 建德工業,2024,46.23888939791684
6606 建德工業,2025,55.53736429874625
6609 瀧澤科,2020,71.51097369990141
6612 奈米醫材,2020,55.8034782338224
6613 朋億*,2020,54.59325474984058
6614 資拓宏宇,2024,45.56407399854634
6614 資拓宏宇,2025,46.797160259095975
6615 慧智,2020,27.44035825673306
6616 特昇-KY,2020,50.32593882460221
6617 共信-KY,2020,48.401142284544264
6620 漢達,2020,39.95492103413254
6624 萬年清,2020,35.801190880577835
6625 必應,2020,35.522139510965815
6625 必應,2021,48.31234479941215
6625 必應,2022,68.45192193416084
6625 必應,2023,50.69879704162587
6625 必應,2024,56.35195212442451
6625 必應,2025,45.16334286657331
6629 泰金-KY,2020,40.114906972681716
6637 醫影,2020,56.76926545914566
6640 均華,2020,81.65396194928583
6641 基士德-KY,2020,55.54937003724426
6641 基士德-KY,2021,76.68711233538521
6641 基士德-KY,2022,48.776862816622156
6641 基士德-KY,2023,74.71022949856778
6641 基士德-KY,2024,34.06186025134839
6641 基士德-KY,2025,34.229291457790566
6642 富致,2020,56.74121577799174
6643 M31,2020,51.23101646748091
6649 台生材,2020,37.4992351629307
6651 全宇昕,2020,62.8456027016273
6654 天正國際,2020,56.74035774394254
6655 科定,2020,53.7028271706379
6655 科定,2021,60.74528779332896
6655 科定,2022,50.3972034180545
6655 科定,2023,51.859139200770684
6655 科定,2024,51.40257891841701
6655 科定,2025,64.21489012126973
6657 華安,2020,17.17179290317046
6657 華安,2021,43.70989421698776
6657 華安,2022,57.848775315892766
6657 華安,2023,18.030761394598404
6657 華安,2024,41.202109151342455
6657 華安,2025,50.42632931241915
6658 聯策,2021,55.35332751075508
6658 聯策,2022,43.65286500758366
6658 聯策,2023,47.09018204470919
6658 聯策,2024,38.25558893471273
6658 聯策,2025,67.39587064186387
6661 威健生技,2020,53.13643406434617
6662 樂斯科,2020,47.99131657039154
6664 群翊,2020,63.9655744101291
6666 羅麗芬-KY,2020,36.5536014818664
6666 羅麗芬-KY,2021,65.10485995573087
6666 羅麗芬-KY,2022,45.18390198909955
6666 羅麗芬-KY,2023,41.908497648282875
6666 羅麗芬-KY,2024,36.53783332885972
6666 羅麗芬-KY,2025,42.93316107299168
6667 信紘科,2020,56.434784948208886
6668 中揚光,2020,60.246983832737286
6668 中揚光,2021,42.012593147127234
6668 中揚光,2022,40.86024910980655
6668 中揚光,2023,68.0045740995312
6668 中揚光,2024,53.54664257069241
6668 中揚光,2025,46.93419205159894
6669 緯穎,2020,59.53110753353455
6669 緯穎,2021,64.15211241671315
6669 緯穎,2022,22.40935522404047
6669 緯穎,2023,62.19071739679956
6669 緯穎,2024,61.52191894835583
6669 緯穎,2025,58.35971194888677
6670 復盛應用,2020,47.89797891679671
6670 復盛應用,2021,45.89323136266027
6670 復盛應用,2022,43.34927723310186
6670 復盛應用,2023,34.171806136695
6670 復盛應用,2024,51.79534586673464
6670 復盛應用,2025,52.92746552442501
6671 三能-KY,2020,45.88986955942138
6671 三能-KY,2021,40.42001196182336
6671 三能-KY,2022,34.96468082303731
6671 三能-KY,2023,64.50391095790462
6671 三能-KY,2024,48.36422452487882
6671 三能-KY,2025,50.60784701186266
6672 騰輝電子-KY,2020,43.64457203335682
6672 騰輝電子-KY,2021,57.2766736992576
6672 騰輝電子-KY,2022,50.79835887697464
6672 騰輝電子-KY,2023,56.79929707694066
6672 騰輝電子-KY,2024,35.853684998968085
6672 騰輝電子-KY,2025,54.608122466783534
6674 鋐寶科技,2020,51.9336669776102
6674 鋐寶科技,2021,60.043473769804145
6674 鋐寶科技,2022,80.90883850448056
6674 鋐寶科技,2023,80.55154966803812
6674 鋐寶科技,2024,35.62818387896505
6674 鋐寶科技,2025,55.59905475297495
6679 鈺太,2020,54.26754879596495
6680 鑫創電子,2020,47.91865301799337
6683 雍智科技,2020,50.278939246809685
6684 安格,2020,67.82948592585964
6689 伊雲谷,2020,59.76151908163829
6689 伊雲谷,2021,31.359068730358153
6689 伊雲谷,2022,42.167012858443016
6689 伊雲谷,2023,82.71522850678481
6689 伊雲谷,2024,68.64613187523764
6689 伊雲谷,2025,41.44220446434735
6690 安碁資訊,2020,41.53251900511631
6691 洋基工程,2020,59.471653776671914
6691 洋基工程,2021,45.951395437075995
6691 洋基工程,2022,65.13248708042349
6691 洋基工程,2023,36.125045908163926
6691 洋基工程,2024,77.0958007667068
6691 洋基工程,2025,54.08682519915588
6692 進能服,2020,31.73041570411361
6693 廣閎科,2020,64.82674096403301
6695 芯鼎,2020,62.00675523980473
6695 芯鼎,2021,54.49362217054716
6695 芯鼎,2022,31.010750060394898
6695 芯鼎,2023,76.02089976083182
6695 芯鼎,2024,54.235095929484665
6695 芯鼎,2025,50.0457965283181
6697 東捷資訊,2020,55.43138479912319
6698 旭暉應材,2020,87.93665316017363
6698 旭暉應材,2021,72.3412047906083
6698 旭暉應材,2022,25.549379287095054
6698 旭暉應材,2023,49.439527168532315
6698 旭暉應材,2024,56.4525887684671
6698 旭暉應材,2025,57.35622110540398
6703 軒郁,2020,47.99488019152464
6706 惠特,2020,67.26084349816749
6706 惠特,2021,55.53424713854535
6706 惠特,2022,39.610739551699695
6706 惠特,2023,62.56661042836051
6706 惠特,2024,16.7561202476882
6706 惠特,2025,70.6251098965495
6708 天擎,2020,53.23978822457165
6712 長聖,2020,35.169274287265054
6715 嘉基,2020,48.28792343011796
6715 嘉基,2021,71.0522006322965
6715 嘉基,2022,31.071450701979543
6715 嘉基,2023,69.34980804734384
6715 嘉基,2024,25.779106433337816
6715 嘉基,2025,62.90874139109892
6716 應廣,2020,50.434847307233774
6719 力智,2021,72.21751315510397
6719 力智,2022,20.309620580558047
6719 力智,2023,76.68962272575028
6719 力智,2024,50.18502341506764
6719 力智,2025,45.73362131472381
6720 久昌,2020,59.89972971759299
6721 信實,2020,54.35118257031951
6722 輝創,2023,51.261332113366166
6722 輝創,2024,36.32952511986732
6722 輝創,2025,38.83443307573767
6727 亞泰金屬,2020,35.59346904307553
6728 上洋,2020,49.60456739121672
6730 常廣,2020,23.836222413175804
6732 昇佳電子,2020,43.031549519916965
6733 博晟生醫,2020,51.57077522487244
6735 美達科技,2020,34.00728806599007
6742 澤米,2021,48.688871439622936
6742 澤米,2022,37.42818882592687
6742 澤米,2023,51.433171293613555
6742 澤米,2024,88.17751694738303
6742 澤米,2025,46.123560054545884
6743 安普新,2020,42.55425203814129
6743 安普新,2021,32.27149436841829
6743 安普新,2022,42.030960229013985
6743 安普新,2023,50.60296808885515
6743 安普新,2024,41.27589712344468
6743 安普新,2025,45.0828440393109
6751 智聯服務,2020,22.11424672897247
6752 叡揚,2020,43.91947499728281
6753 龍德造船,2021,40.194413111472905
6753 龍德造船,2022,68.77052689973763
6753 龍德造船,2023,43.40318692326694
6753 龍德造船,2024,44.60040905362264
6753 龍德造船,2025,53.02342468635777
6754 匯僑設計,2020,45.553091651658036
6754 匯僑設計,2021,52.926513914106735
6754 匯僑設計,2022,33.49965508100742
6754 匯僑設計,2023,55.20327547782779
6754 匯僑設計,2024,32.76417540643426
6754 匯僑設計,2025,60.51981513580991
6756 威鋒電子,2020,24.880882005010868
6756 威鋒電子,2021,33.31168181692491
6756 威鋒電子,2022,19.179820043160692
6756 威鋒電子,2023,80.78029291764057
6756 威鋒電子,2024,44.234981730951944
6756 威鋒電子,2025,52.233629942969436
6757 台灣虎航,2020,41.54811111346762
6757 台灣虎航,2021,69.5320016018937
6757 台灣虎航,2022,50.243733026213796
6757 台灣虎航,2023,53.83571455098832
6757 台灣虎航,2024,53.594715260375416
6757 台灣虎航,2025,34.249757846661424
6761 穩得,2020,39.822039193106114
6762 達亞,2020,41.418288253201965
6763 綠界科技*,2020,40.86873506720482
6767 台微醫,2020,41.65735808166311
6768 志強-KY,2021,65.12066707820156
6768 志強-KY,2022,30.590136750494224
6768 志強-KY,2023,49.30191128433445
6768 志強-KY,2024,23.404915475093166
6768 志強-KY,2025,32.244494426607496
6770 力積電,2020,48.091666044004256
6770 力積電,2021,49.412599171559954
6770 力積電,2022,35.17142721078703
6770 力積電,2023,53.18331344368617
6770 力積電,2024,43.508339951056875
6770 力積電,2025,62.506885799139354
6776 展碁國際,2020,41.680391884457656
6776 展碁國際,2021,74.1398151854672
6776 展碁國際,2022,56.2882668622461
6776 展碁國際,2023,49.47874605324188
6776 展碁國際,2024,61.9432996104095
6776 展碁國際,2025,73.96889342986978
6781 AES-KY,2021,76.37681953508985
6781 AES-KY,2022,25.223393734769754
6781 AES-KY,2023,66.4687234321914
6781 AES-KY,2024,72.29104089711191
6781 AES-KY,2025,51.24261499675359
6782 視陽,2020,52.458035844581865
6782 視陽,2021,63.27840087089807
6782 視陽,2022,34.26589789361053
6782 視陽,2023,90.76807427945451
6782 視陽,2024,31.884076538746537
6782 視陽,2025,46.51220427845201
6785 昱展新藥,2020,55.72594593018329
6788 華景電,2020,45.254434478999116
6789 采鈺,2021,82.13618923411295
6789 采鈺,2022,25.647511925557538
6789 采鈺,2023,45.6472343820938
6789 采鈺,2024,76.31885006420978
6789 采鈺,2025,67.12974909315764
6790 永豐實,2020,57.571150586216255
6790 永豐實,2021,52.140828698827626
6790 永豐實,2022,30.19596326627953
6790 永豐實,2023,46.27170344971761
6790 永豐實,2024,13.88502860102358
6790 永豐實,2025,49.891265857827065
6792 詠業,2020,43.45592044298927
6792 詠業,2021,40.856974701625944
6792 詠業,2022,21.633127939308217
6792 詠業,2023,39.01451777147948
6792 詠業,2024,52.94020425933089
6792 詠業,2025,45.020632358466884
6794 向榮生技,2020,39.92184289385649
6794 向榮生技,2021,43.78484762040066
6794 向榮生技,2022,47.53628027052863
6794 向榮生技,2023,39.060410209099864
6794 向榮生技,2024,30.51569615651612
6794 向榮生技,2025,81.04862509265219
6796 晉弘,2021,64.6740545679746
6796 晉弘,2022,34.16714646330581
6796 晉弘,2023,50.4014109806157
6796 晉弘,2024,70.23193783347322
6796 晉弘,2025,49.255625286104454
6799 來頡,2020,64.5574322105699
6799 來頡,2021,83.84671351115641
6799 來頡,2022,31.067310134496644
6799 來頡,2023,73.42874180048584
6799 來頡,2024,41.57742452940756
6799 來頡,2025,45.061444081699
6803 崑鼎,2020,50.67836022514778
6804 明係,2020,7.1389728598935305
6805 富世達,2020,47.48788515535905
6805 富世達,2021,40.778838039813486
6805 富世達,2022,49.091994162617866
6805 富世達,2023,48.65327411518579
6805 富世達,2024,29.674005555467797
6805 富世達,2025,60.81189546915288
6806 森崴能源,2020,49.491387922162566
6806 森崴能源,2021,55.78724416313011
6806 森崴能源,2022,62.874655633833555
6806 森崴能源,2023,40.830363196164996
6806 森崴能源,2024,37.8260220446571
6806 森崴能源,2025,37.822735645316286
6807 峰源-KY,2022,40.864710804822444
6807 峰源-KY,2023,52.48478368332504
6807 峰源-KY,2024,49.229994753762455
6807 峰源-KY,2025,44.38400848860662
6830 汎銓,2021,55.046335154840854
6830 汎銓,2022,47.595308378564035
6830 汎銓,2023,60.823517668976656
6830 汎銓,2024,44.528538911629056
6830 汎銓,2025,56.707661614754365
6831 邁科,2021,51.626662437773554
6831 邁科,2022,33.730335562988294
6831 邁科,2023,43.782489244745065
6831 邁科,2024,59.918848583183085
6831 邁科,2025,71.60028578453536
6834 天二科技,2021,65.20745756374822
6834 天二科技,2022,26.76241572317446
6834 天二科技,2023,43.23766304462756
6834 天二科技,2024,32.70421554929932
6834 天二科技,2025,53.00398817006495
6835 圓裕,2021,70.80024261733904
6835 圓裕,2022,56.99254890264031
6835 圓裕,2023,77.97914682503288
6835 圓裕,2024,39.08707108307278
6835 圓裕,2025,45.155666414751046
6838 台新藥,2021,45.823983178506744
6838 台新藥,2022,42.91008413228088
6838 台新藥,2023,48.70638770586784
6838 台新藥,2024,30.280895161835588
6838 台新藥,2025,40.25497183866567
6861 睿生光電,2021,33.95047670114572
6861 睿生光電,2022,59.169609512246765
6861 睿生光電,2023,46.83848276435994
6861 睿生光電,2024,39.36347559229544
6861 睿生光電,2025,54.59634607468588
6862 三集瑞-KY,2024,40.38520442205914
6862 三集瑞-KY,2025,37.68840205945849
6863 永道-KY,2023,40.03115107467469
6863 永道-KY,2024,47.92553554644952
6863 永道-KY,2025,52.17943564369535
6869 雲豹能源,2022,55.50798269858379
6869 雲豹能源,2023,82.88335293535056
6869 雲豹能源,2024,50.31057648022418
6869 雲豹能源,2025,36.843158323878775
6873 泓德能源,2021,0.0
6873 泓德能源,2022,41.05716230142027
6873 泓德能源,2023,83.88601426182827
6873 泓德能源,2024,52.17512651572693
6873 泓德能源,2025,43.99680019221622
6885 全福生技,2022,40.83809214656141
6885 全福生技,2023,13.807067361982266
6885 全福生技,2024,25.064079294397484
6885 全福生技,2025,54.141732957668175
6887 寶綠特-KY,2025,48.14011324382669
6890 來億-KY,2024,43.444658184386526
6890 來億-KY,2025,44.81094625871352
6901 鑽石投資,2022,27.789738458956016
6901 鑽石投資,2023,56.093046013592364
6901 鑽石投資,2024,44.48451465862886
6901 鑽石投資,2025,46.800951475364236
6902 GOGOLOOK,2023,24.3265833867773
6902 GOGOLOOK,2024,15.430815862791592
6902 GOGOLOOK,2025,48.619204479277215
6906 現觀科,2022,18.106734621455345
6906 現觀科,2023,92.42233719168934
6906 現觀科,2024,29.291547947963515
6906 現觀科,2025,37.28901673433837
6909 創控,2023,65.41221946494066
6909 創控,2024,56.22803588354696
6909 創控,2025,63.14297438862903
6914 阜爾運通,2023,57.57368432153568
6914 阜爾運通,2024,58.05921747998006
6914 阜爾運通,2025,43.27062612087859
6916 華凌,2022,56.106718481875475
6916 華凌,2023,51.548148810451046
6916 華凌,2024,42.4611475212037
6916 華凌,2025,49.63742517492956
6918 愛派司,2023,57.28888012129579
6918 愛派司,2024,37.94197151118561
6918 愛派司,2025,39.38409534371382
6919 康霈*,2022,0.0
6919 康霈*,2023,26.606676856391715
6919 康霈*,2024,61.34404364349029
6919 康霈*,2025,47.82137798410052
6923 中台,2023,50.18987494360883
6923 中台,2024,29.28211887872087
6923 中台,2025,53.725127748372714
6928 攸泰科技,2023,41.87335352473111
6928 攸泰科技,2024,86.70527124434825
6928 攸泰科技,2025,49.307334001204374
6931 青松健康,2022,0.0
6931 青松健康,2023,96.71485352470428
6931 青松健康,2024,46.72653430228741
6931 青松健康,2025,49.06430016731103
6933 AMAX-KY,2023,19.69388838072137
6933 AMAX-KY,2024,24.28038764545006
6933 AMAX-KY,2025,39.488183214350144
6934 心誠鎂,2024,37.02639999661786
6934 心誠鎂,2025,70.14423524469802
6936 永鴻生技,2023,57.165144676813874
6936 永鴻生技,2024,48.72771553872887
6936 永鴻生技,2025,60.20949222231869
6937 天虹,2023,59.3025623675755
6937 天虹,2024,55.17968283716951
6937 天虹,2025,66.52601857295397
6944 兆聯實業,2023,39.07073124365699
6944 兆聯實業,2024,39.565905429868906
6944 兆聯實業,2025,62.75784978704637
6952 大武山,2023,73.50144481399415
6952 大武山,2024,57.27785113569459
6952 大武山,2025,53.45503715136265
6957 裕慶-KY,2024,80.16439658722612
6957 裕慶-KY,2025,45.142321767669515
6958 日盛台駿,2023,81.45310270125677
6958 日盛台駿,2024,23.655569355247884
6958 日盛台駿,2025,47.22031424983953
6962 奕力-KY,2024,53.81572234879668
6962 奕力-KY,2025,41.488517100729155
6965 中傑-KY,2025,70.69886807583586
6994 富威電力,2023,50.28884161049769
6994 富威電力,2024,35.39964003713049
6994 富威電力,2025,43.973524384750704
7402 邑錡,2020,58.91124423623341
7556 意德士,2020,47.20253993591413
7705 三商餐飲,2023,2.1708323009754142
7705 三商餐飲,2024,42.445855415183004
7705 三商餐飲,2025,42.82870466496288
7711 永擎,2024,46.87309985260444
7711 永擎,2025,33.949956153657624
7721 微程式,2023,79.33794046255241
7721 微程式,2024,38.13405328483226
7721 微程式,2025,44.23938845093497
7722 LINEPAY,2024,42.528604512116516
7722 LINEPAY,2025,53.263427086672124
7732 金興精密,2024,50.428519496092385
7732 金興精密,2025,50.696809973057945
7736 虎山,2024,53.968502410979056
7736 虎山,2025,45.673289405178295
7749 意騰-KY,2025,45.89028056014837
7750 新代,2024,52.85613427193127
7750 新代,2025,60.25760994543204
7760 享溫馨,2024,21.272465198479093
7760 享溫馨,2025,58.88873107080268
7765 中華資安,2024,39.316666270811304
7765 中華資安,2025,67.50194014780011
7768 頌勝科技,2025,67.98710323622011
7769 鴻勁,2024,44.89843408508041
7769 鴻勁,2025,75.08081036608336
7780 大研生醫*,2024,61.8051978182303
7780 大研生醫*,2025,55.778962112796734
7786 東方風能,2024,88.32429709484288
7786 東方風能,2025,36.25669426871961
7788 松川精密,2024,47.496615769643554
7788 松川精密,2025,56.88237786810748
7791 皇家可口,2024,18.63659114686711
7791 皇家可口,2025,41.927048722120816
7795 長廣,2024,18.72514161527155
7795 長廣,2025,51.17846895557855
7799 禾榮科,2024,41.54925314555383
7799 禾榮科,2025,29.95995304733577
7821 神數,2025,40.79985979167709
7822 倍利科,2025,88.46865105340449
8011 台通,2020,75.05662333085219
8011 台通,2021,53.1085066545175
8011 台通,2022,28.596599151964863
8011 台通,2023,74.26306452399896
8011 台通,2024,33.374217217966375
8011 台通,2025,47.807629935347826
8016 矽創,2020,72.62458067158086
8016 矽創,2021,57.53104426300077
8016 矽創,2022,49.79968210628885
8016 矽創,2023,43.36612427112102
8016 矽創,2024,46.444739808305954
8016 矽創,2025,45.16014967564911
8021 尖點,2020,61.47545423582913
8021 尖點,2021,60.19525086552699
8021 尖點,2022,64.68597819273371
8021 尖點,2023,53.18301470666994
8021 尖點,2024,46.6154439081552
8021 尖點,2025,77.96209751568125
8024 佑華,2020,68.26193452230805
8027 鈦昇,2020,69.86972972841792
8028 昇陽半導體,2020,51.84913813766614
8028 昇陽半導體,2021,91.35482778516393
8028 昇陽半導體,2022,35.24468864004774
8028 昇陽半導體,2023,51.12228336222998
8028 昇陽半導體,2024,66.01029008947677
8028 昇陽半導體,2025,62.39612010146376
8032 光菱,2020,60.84643106517723
8033 雷虎,2020,63.89065873354306
8033 雷虎,2021,45.481925216357745
8033 雷虎,2022,53.634261088940285
8033 雷虎,2023,49.08542956406
8033 雷虎,2024,86.41236058599694
8033 雷虎,2025,54.74811538442081
8034 榮群,2020,55.294638424497435
8038 長園科,2020,54.131709985530755
8039 台虹,2020,51.20705699991398
8039 台虹,2021,68.65460584775124
8039 台虹,2022,49.31451069920805
8039 台虹,2023,74.2123194932431
8039 台虹,2024,32.52756697966661
8039 台虹,2025,49.330384458419466
8040 九暘,2020,70.0965511547668
8042 金山電,2020,56.931050193929536
8043 蜜望實,2020,55.467802850002236
8044 網家,2020,51.29226434365894
8045 達運光電,2020,57.15369206940978
8045 達運光電,2021,46.89867768518624
8045 達運光電,2022,47.869942734796524
8045 達運光電,2023,73.46007738797786
8045 達運光電,2024,57.00989118775311
8045 達運光電,2025,43.087632518572356
8046 南電,2020,63.651288829590854
8046 南電,2021,49.73136964767169
8046 南電,2022,21.1968452254605
8046 南電,2023,60.97035324690733
8046 南電,2024,79.20620228137909
8046 南電,2025,41.60189886772613
8047 星雲,2020,54.249157417464
8048 德勝,2020,71.50722711297266
8049 晶采,2020,54.25001539060149
8050 廣積,2020,47.616846151132584
8054 安國,2020,53.863570424939255
8059 凱碩,2020,51.51015232774102
8064 東捷,2020,60.27875040124676
8066 來思達,2020,46.82282980680994
8067 志旭,2020,42.85519634402765
8068 全達,2020,39.085264825820694
8069 元太,2020,56.199142128108036
8070 長華*,2020,58.505566825284525
8070 長華*,2021,89.4943599271812
8070 長華*,2022,37.18999260908294
8070 長華*,2023,67.96571639787074
8070 長華*,2024,44.07713900331371
8070 長華*,2025,49.825073042574175
8071 能率網通,2020,56.136264132845945
8072 陞泰,2020,66.40157489377046
8072 陞泰,2021,84.02315525031844
8072 陞泰,2022,22.97027672917923
8072 陞泰,2023,46.751537463377794
8072 陞泰,2024,37.235414409869634
8072 陞泰,2025,48.073064347574785
8074 鉅橡,2020,53.946063599880866
8076 伍豐,2020,60.699506815354056
8077 洛碁,2020,54.70051438727586
8080 泰霖,2020,53.36287558463593
8081 致新,2020,42.884549090614264
8081 致新,2021,68.12148288636165
8081 致新,2022,47.52907955985399
8081 致新,2023,64.82441059440414
8081 致新,2024,48.745833751061
8081 致新,2025,51.13146925924724
8083 瑞穎,2020,47.136992654365535
8084 巨虹,2020,71.11528036744296
8085 福華,2020,59.5287213388501
8086 宏捷科,2020,61.709662875681445
8087 麗升能源,2020,95.14791282384537
8088 品安,2020,60.68912420100314
8089 康全電訊,2020,32.6486371297222
8091 翔名,2020,50.968357632438355
8092 建暐,2020,70.20696216675232
8093 保銳,2020,59.8256995412234
8096 擎亞,2020,49.6847806601249
8097 常珵,2020,65.9172792927339
8099 大世科,2020,77.25066664077208
8101 華冠,2020,37.383106130950985
8101 華冠,2021,66.31553805344112
8101 華冠,2022,58.551791337728865
8101 華冠,2023,43.75359085222575
8101 華冠,2024,48.47691309923164
8101 華冠,2025,49.23114804719575
8103 瀚荃,2020,60.72569040125718
8103 瀚荃,2021,62.88359744608329
8103 瀚荃,2022,28.949569985816208
8103 瀚荃,2023,69.48582469559054
8103 瀚荃,2024,44.257449417130374
8103 瀚荃,2025,49.20591186198096
8104 錸寶,2020,71.19428430190158
8104 錸寶,2021,69.32245916336419
8104 錸寶,2022,28.656555934933543
8104 錸寶,2023,57.8590849309282
8104 錸寶,2024,26.08870755700044
8104 錸寶,2025,49.43042717124326
8105 凌巨,2020,46.56252915333392
8105 凌巨,2021,67.55121691775994
8105 凌巨,2022,30.98252192844017
8105 凌巨,2023,63.91675975736399
8105 凌巨,2024,35.32130741312602
8105 凌巨,2025,56.17036800219752
8107 大億金茂,2020,67.76440273059221
8109 博大,2020,60.94366942303127
8110 華東,2020,53.653328090982235
8110 華東,2021,51.17912812903078
8110 華東,2022,26.502425148353364
8110 華東,2023,47.668015058962055
8110 華東,2024,31.920299880417275
8110 華東,2025,70.91600163992872
8111 立碁,2020,49.58873994629609
8112 至上,2020,51.57801190608308
8112 至上,2021,82.96525295271753
8112 至上,2022,43.34400096894077
8112 至上,2023,46.756137036019
8112 至上,2024,31.350509654594177
8112 至上,2025,56.66186728507798
8114 振樺電,2020,69.43948692141446
8114 振樺電,2021,60.29052464854063
8114 振樺電,2022,33.47745467670033
8114 振樺電,2023,64.67932143419861
8114 振樺電,2024,73.94043067594801
8114 振樺電,2025,46.9988854425674
8121 越峰,2020,54.42980171181053
8131 福懋科,2020,60.50231341688643
8131 福懋科,2021,65.8333957421406
8131 福懋科,2022,36.41384369529547
8131 福懋科,2023,44.61384170253254
8131 福懋科,2024,29.44559634410605
8131 福懋科,2025,77.25578245928708
8147 正淩,2020,70.11126746106444
8150 南茂,2020,47.598042184912906
8150 南茂,2021,65.78027699735757
8150 南茂,2022,62.54437146567939
8150 南茂,2023,43.38488902976428
8150 南茂,2024,47.84271520443074
8150 南茂,2025,59.341922271863226
8155 博智,2020,42.48271842006861
8163 達方,2020,52.77670057495008
8163 達方,2021,70.15735987903898
8163 達方,2022,41.840387310365315
8163 達方,2023,59.78645874394747
8163 達方,2024,38.293308707975314
8163 達方,2025,34.9012919796651
8171 天宇,2020,65.05048817950555
8176 智捷,2020,71.7008373997864
8182 加高,2020,53.61896065655203
8183 精星,2020,66.99841776342691
8201 無敵,2020,65.56156344023024
8201 無敵,2021,50.55845594027546
8201 無敵,2022,42.919028432601344
8201 無敵,2023,43.27993836523417
8201 無敵,2024,35.68372478682999
8201 無敵,2025,33.440921271767074
8210 勤誠,2020,43.48474123532427
8210 勤誠,2021,77.91900553941208
8210 勤誠,2022,40.2400035951706
8210 勤誠,2023,64.74265166001732
8210 勤誠,2024,28.25238030002719
8210 勤誠,2025,65.69503214646751
8213 志超,2020,52.14407301928029
8213 志超,2021,74.61258248933792
8213 志超,2022,45.284081394323344
8213 志超,2023,43.79851778292321
8213 志超,2024,22.988076088158973
8213 志超,2025,41.211859741032
8215 明基材,2020,54.39993653831756
8215 明基材,2021,43.88795231364525
8215 明基材,2022,39.50109754469764
8215 明基材,2023,64.34485007947538
8215 明基材,2024,21.99564746617292
8215 明基材,2025,40.098748616954694
8222 寶一,2020,47.86371685188088
8222 寶一,2021,40.02257642421633
8222 寶一,2022,36.99637479841938
8222 寶一,2023,62.678226726029315
8222 寶一,2024,75.77717887177363
8222 寶一,2025,42.55238894393711
8234 新漢,2020,61.54420252605964
8240 華宏,2020,48.10644584882823
8249 菱光,2020,57.43216020520852
8249 菱光,2021,55.2030457333463
8249 菱光,2022,55.62193408648245
8249 菱光,2023,47.85596063819372
8249 菱光,2024,57.663633725561084
8249 菱光,2025,39.271740901190945
8255 朋程,2020,69.99410544424342
8261 富鼎,2020,65.73547489655056
8261 富鼎,2021,62.32090110701154
8261 富鼎,2022,35.381433989377406
8261 富鼎,2023,45.6035243020059
8261 富鼎,2024,46.376099727752184
8261 富鼎,2025,47.996077999138784
8271 宇瞻,2020,52.94735533186117
8271 宇瞻,2021,70.0227135472894
8271 宇瞻,2022,49.90338232981277
8271 宇瞻,2023,61.97111203153355
8271 宇瞻,2024,40.77266995924149
8271 宇瞻,2025,67.9163693407554
8277 商丞,2020,65.65998194545503
8279 生展,2020,41.20179676017244
8284 三竹,2020,44.09186165562416
8289 泰藝,2020,74.66594364489167
8291 尚茂,2020,77.62092586798045
8299 群聯,2020,52.57971016641441
8341 日友,2020,53.38674019882587
8341 日友,2021,45.21106313760181
8341 日友,2022,54.38795108716745
8341 日友,2023,46.00960084235351
8341 日友,2024,25.751680104095964
8341 日友,2025,46.983570350924225
8342 益張,2020,54.12307503962385
8349 恒耀,2020,64.22641228497045
8354 冠好,2020,55.84146632441105
8358 金居,2020,69.41746023781504
8367 建新國際,2020,54.69446553182598
8367 建新國際,2021,42.76139157549764
8367 建新國際,2022,65.56318263505723
8367 建新國際,2023,67.45551247415604
8367 建新國際,2024,32.854338073560804
8367 建新國際,2025,43.69778706794515
8374 羅昇,2020,56.772352055206056
8374 羅昇,2021,84.61112541253715
8374 羅昇,2022,70.80202191560261
8374 羅昇,2023,47.17024376477125
8374 羅昇,2024,46.8564710400171
8374 羅昇,2025,45.84164071830787
8383 千附,2020,53.84488610665886
8390 金益鼎,2020,53.15946730753372
8401 白紗科,2020,61.60544090191199
8403 盛弘,2020,47.601336283819315
8404 百和興業-KY,2020,58.32031690464821
8404 百和興業-KY,2021,69.79880770300133
8404 百和興業-KY,2022,48.87676467154762
8404 百和興業-KY,2023,34.189101413175194
8404 百和興業-KY,2024,57.426393565993635
8404 百和興業-KY,2025,32.176023485884045
8409 商之器,2020,55.14825332789209
8410 森田,2020,49.099499770003
8411 福貞-KY,2020,62.765665989505216
8411 福貞-KY,2021,60.39915397903927
8411 福貞-KY,2022,73.22793210538633
8411 福貞-KY,2023,73.41143131334445
8411 福貞-KY,2024,63.86474931091536
8411 福貞-KY,2025,57.94523791872596
8415 大國鋼,2020,46.94081785065916
8416 實威,2020,56.1861812204268
8421 旭源,2020,48.541330230830454
8422 可寧衛*,2020,62.961470256240574
8422 可寧衛*,2021,49.059838325416614
8422 可寧衛*,2022,61.192504543311635
8422 可寧衛*,2023,61.8918838420505
8422 可寧衛*,2024,52.804090258931616
8422 可寧衛*,2025,83.21794282600557
8423 保綠-KY,2020,59.64950346375273
8424 惠普,2020,67.45847803403345
8426 紅木-KY,2020,59.160122400230776
8429 金麗-KY,2020,63.11227230019655
8429 金麗-KY,2021,41.33899575446153
8429 金麗-KY,2022,51.77113327739582
8429 金麗-KY,2023,43.72430556709981
8429 金麗-KY,2024,24.49919586892072
8429 金麗-KY,2025,56.77413727473326
8431 匯鑽科,2020,47.472156291709105
8432 東生華,2020,39.22107099054481
8433 弘帆,2020,52.975894188753436
8435 鉅邁,2020,61.131096822586386
8436 大江,2020,32.61773128367885
8437 大地-KY,2020,32.65757788972905
8438 昶昕,2020,89.4681952467468
8438 昶昕,2021,89.78335018949069
8438 昶昕,2022,36.67173285233232
8438 昶昕,2023,36.4169110470008
8438 昶昕,2024,32.151269804809
8438 昶昕,2025,93.08730022442398
8440 綠電,2020,49.96495153411558
8442 威宏-KY,2020,38.22348745042178
8442 威宏-KY,2021,51.281527799817624
8442 威宏-KY,2022,66.84913843940899
8442 威宏-KY,2023,49.015088780012015
8442 威宏-KY,2024,64.41436470257294
8442 威宏-KY,2025,51.06269738189114
8443 阿瘦,2020,73.07789736703464
8443 阿瘦,2021,59.25360023800535
8443 阿瘦,2022,32.02816359981031
8443 阿瘦,2023,69.95550887472868
8443 阿瘦,2024,27.421043763215593
8443 阿瘦,2025,39.84999389771546
8444 綠河-KY,2020,31.6779557814602
8446 華研,2020,42.739436317295485
8450 霹靂,2020,45.587133144514155
8454 富邦媒,2020,60.86391596209795
8454 富邦媒,2021,41.22098841010507
8454 富邦媒,2022,56.41198454843012
8454 富邦媒,2023,51.426794030957
8454 富邦媒,2024,21.524148020538323
8454 富邦媒,2025,37.03471926021999
8455 大拓-KY,2020,58.28947141862646
8462 柏文,2020,61.567537826463294
8462 柏文,2021,44.911381490994266
8462 柏文,2022,41.29729206362426
8462 柏文,2023,86.60446241614346
8462 柏文,2024,40.30442359184193
8462 柏文,2025,48.6193916292741
8463 潤泰材,2020,49.40715868493978
8463 潤泰材,2021,42.02442617304049
8463 潤泰材,2022,48.424185287258055
8463 潤泰材,2023,64.89296352577169
8463 潤泰材,2024,32.7367241026139
8463 潤泰材,2025,45.03278587002648
8464 億豐,2020,54.30689871078426
8464 億豐,2021,59.149619523826416
8464 億豐,2022,68.16483101827451
8464 億豐,2023,53.99144485098264
8464 億豐,2024,25.528635921167375
8464 億豐,2025,36.16584151845223
8466 美吉吉-KY,2020,60.44626811234177
8466 美吉吉-KY,2021,50.918816406623755
8466 美吉吉-KY,2022,56.27887808377474
8466 美吉吉-KY,2023,66.03176513447714
8466 美吉吉-KY,2024,48.61535973828401
8466 美吉吉-KY,2025,39.68794744767644
8467 波力-KY,2020,52.22375709444184
8467 波力-KY,2021,68.22321796685088
8467 波力-KY,2022,38.050828215370416
8467 波力-KY,2023,44.07194053943711
8467 波力-KY,2024,36.9308313397964
8467 波力-KY,2025,68.9030114166856
8472 夠麻吉,2020,58.77864733209157
8473 山林水,2020,52.23965474393222
8473 山林水,2021,54.40471023207238
8473 山林水,2022,58.99660121594644
8473 山林水,2023,47.28899395912346
8473 山林水,2024,37.351676008243146
8473 山林水,2025,60.35665635027445
8476 台境*,2020,51.83797364727732
8476 台境*,2021,31.145170960153507
8476 台境*,2022,81.74580624633705
8476 台境*,2023,31.914031876363747
8476 台境*,2024,41.461585133661906
8476 台境*,2025,48.13976296319552
8477 創業家,2020,37.75151289806434
8478 東哥遊艇,2020,52.83284994952544
8478 東哥遊艇,2021,47.29885173764649
8478 東哥遊艇,2022,39.33736088350053
8478 東哥遊艇,2023,46.6775998314093
8478 東哥遊艇,2024,32.50924423560984
8478 東哥遊艇,2025,38.99007861165884
8481 政伸,2020,50.02405038914177
8481 政伸,2021,81.944404323165
8481 政伸,2022,38.22825165433407
8481 政伸,2023,51.87346460548752
8481 政伸,2024,50.316097622575064
8481 政伸,2025,45.36318833862203
8482 商億-KY,2020,57.02989074790541
8482 商億-KY,2021,34.06311121856498
8482 商億-KY,2022,50.19746119748652
8482 商億-KY,2023,60.83979669190015
8482 商億-KY,2024,72.76501362652357
8482 商億-KY,2025,52.25191990003846
8488 吉源-KY,2020,66.9339000927838
8488 吉源-KY,2021,86.67334844567723
8488 吉源-KY,2022,44.05731601112621
8488 吉源-KY,2023,47.44689319013349
8488 吉源-KY,2024,40.02624831391898
8488 吉源-KY,2025,39.02337717095145
8489 三貝德,2020,48.68643624381139
8499 鼎炫-KY,2020,31.173051149175983
8499 鼎炫-KY,2021,80.81841800285885
8499 鼎炫-KY,2022,36.09688164940723
8499 鼎炫-KY,2023,65.23650089698452
8499 鼎炫-KY,2024,43.753873488322945
8499 鼎炫-KY,2025,47.354274402257765
8905 裕國,2020,48.54730410856328
8906 花王,2020,54.030922403369765
8908 欣雄,2020,40.68206544158785
8916 光隆,2020,66.47457017372959
8917 欣泰,2020,62.99040424238932
8921 沈氏,2020,40.946926385322286
8923 時報,2020,59.75980256791505
8924 大田,2020,40.88996030734221
8926 台汽電,2020,51.062114516982625
8926 台汽電,2021,66.59295637793316
8926 台汽電,2022,52.89213898149995
8926 台汽電,2023,58.72131734686739
8926 台汽電,2024,52.82161840759606
8926 台汽電,2025,38.949522685008134
8927 北基,2020,55.372382949825585
8928 鉅明,2020,39.332579083913636
8929 富堡,2020,47.78995058712799
8930 青鋼,2020,53.97266303265863
8931 大汽電,2020,46.93438049044727
8932 智通*,2020,38.64956636833205
8933 愛地雅,2020,39.27321883605007
8935 邦泰,2020,55.68616500242324
8936 國統,2020,60.475397990542646
8937 合騏*,2020,45.72716718945802
8938 明安,2020,47.432467950241296
8940 新天地,2020,46.679628485313266
8940 新天地,2021,56.60872374511057
8940 新天地,2022,60.26122960929741
8940 新天地,2023,73.06848954957317
8940 新天地,2024,49.222725524504085
8940 新天地,2025,52.8409991456677
8941 關中,2020,49.251467964092114
8942 森鉅,2020,56.19386558134957
8996 高力,2020,67.8110158155488
8996 高力,2021,66.35904457859675
8996 高力,2022,69.5655388287515
8996 高力,2023,44.21769238191817
8996 高力,2024,44.61968829392559
8996 高力,2025,60.84943337087518
9103 美德醫療-DR,2020,56.28672941143294
9103 美德醫療-DR,2021,47.1611738344257
9103 美德醫療-DR,2022,63.23490260290551
9103 美德醫療-DR,2023,51.165993297124515
9103 美德醫療-DR,2024,53.67539986098945
9103 美德醫療-DR,2025,31.582935445725013
910322 康師傅-DR,2020,56.952526066734364
910322 康師傅-DR,2021,55.345407766621044
910322 康師傅-DR,2022,73.35734802809206
910322 康師傅-DR,2023,49.52657813368766
910322 康師傅-DR,2024,52.418418034251566
910322 康師傅-DR,2025,46.41224543117088
9105 泰金寶-DR,2020,49.70047458067776
9105 泰金寶-DR,2021,55.44398169938483
9105 泰金寶-DR,2022,30.209406801182677
9105 泰金寶-DR,2023,49.100806347115395
9105 泰金寶-DR,2024,69.44176446597106
9105 泰金寶-DR,2025,39.64456248450192
910861 神州-DR,2020,49.45607828418977
910861 神州-DR,2021,53.16993193136265
910861 神州-DR,2022,63.945605611526425
910861 神州-DR,2023,64.60351050553473
910861 神州-DR,2024,29.13321653872682
910861 神州-DR,2025,30.233790530085475
9110 越南控-DR,2020,41.08765117156109
9110 越南控-DR,2021,42.038685373966494
9110 越南控-DR,2022,46.77785869558625
9110 越南控-DR,2023,29.891020162711314
9110 越南控-DR,2024,39.80065155047381
9110 越南控-DR,2025,48.72386063754912
911608 明輝-DR,2020,46.648717710154756
911608 明輝-DR,2021,33.32690592896034
911608 明輝-DR,2022,49.85295401743526
911608 明輝-DR,2023,56.77615696349233
911608 明輝-DR,2024,49.54620073423487
911608 明輝-DR,2025,40.94077372922046
911622 泰聚亨-DR,2020,58.19540612156372
911622 泰聚亨-DR,2021,41.552919788222376
911622 泰聚亨-DR,2022,50.472794903258574
911622 泰聚亨-DR,2023,40.36651095620372
911622 泰聚亨-DR,2024,54.03918528456947
911622 泰聚亨-DR,2025,47.3950431367202
911868 同方友友-DR,2020,49.13013968830608
911868 同方友友-DR,2021,42.27326659415855
911868 同方友友-DR,2022,48.11658470571552
911868 同方友友-DR,2023,56.3043152323643
911868 同方友友-DR,2024,41.2718223081081
911868 同方友友-DR,2025,57.285099954224485
912000 晨訊科-DR,2020,46.69665790626552
912000 晨訊科-DR,2021,71.35941791273045
912000 晨訊科-DR,2022,35.67968646373187
912000 晨訊科-DR,2023,33.526313123247725
912000 晨訊科-DR,2024,57.98897632999156
912000 晨訊科-DR,2025,40.644465730367585
9136 巨騰-DR,2020,47.24478106052735
9136 巨騰-DR,2021,60.13804203290304
9136 巨騰-DR,2022,41.80439072196565
9136 巨騰-DR,2023,22.027441294927648
9136 巨騰-DR,2024,63.52321539318265
9136 巨騰-DR,2025,87.29413342825254
9802 鈺齊-KY,2020,45.806288216298086
9802 鈺齊-KY,2021,60.6400144421445
9802 鈺齊-KY,2022,40.68358332495091
9802 鈺齊-KY,2023,26.09240375616686
9802 鈺齊-KY,2024,53.278678421021255
9802 鈺齊-KY,2025,37.370658970789286
9902 台火,2020,52.33063440957947
9902 台火,2021,52.43000029549637
9902 台火,2022,45.415859908659684
9902 台火,2023,56.15839631362223
9902 台火,2024,29.73713430903866
9902 台火,2025,43.67370980524639
9904 寶成,2020,62.19386867314023
9904 寶成,2021,54.634008809283884
9904 寶成,2022,67.59669124219756
9904 寶成,2023,41.18477244344286
9904 寶成,2024,19.164476129917915
9904 寶成,2025,43.779067787626026
9905 大華,2020,76.83786236416732
9905 大華,2021,66.97703675503536
9905 大華,2022,43.11981070813895
9905 大華,2023,67.65983490489675
9905 大華,2024,42.22633777671823
9905 大華,2025,50.54638304103616
9906 欣巴巴,2020,61.74172598685627
9906 欣巴巴,2021,40.4788257255274
9906 欣巴巴,2022,89.10144150985245
9906 欣巴巴,2023,76.22124601804589
9906 欣巴巴,2024,51.66244786768165
9906 欣巴巴,2025,51.86496466576327
9907 統一實,2020,57.78330855154709
9907 統一實,2021,89.8812103745524
9907 統一實,2022,50.02415912947858
9907 統一實,2023,49.96146388452301
9907 統一實,2024,54.71809536238913
9907 統一實,2025,39.64572578192566
9908 大台北,2020,45.137338960257054
9908 大台北,2021,55.84680617247886
9908 大台北,2022,48.4911902372981
9908 大台北,2023,53.34439572378783
9908 大台北,2024,43.49655266841182
9908 大台北,2025,50.52447691446882
9910 豐泰,2020,57.86868300077555
9910 豐泰,2021,67.45110658583981
9910 豐泰,2022,59.8210974782579
9910 豐泰,2023,43.916585784773424
9910 豐泰,2024,36.953051637420344
9910 豐泰,2025,42.24073307253884
9911 櫻花,2020,37.970561438881326
9911 櫻花,2021,77.25799941242174
9911 櫻花,2022,48.525704491701084
9911 櫻花,2023,59.55936399268609
9911 櫻花,2024,49.98340934073247
9911 櫻花,2025,49.204199167024555
9912 偉聯,2020,66.95549698978138
9912 偉聯,2021,96.48679965501354
9912 偉聯,2022,22.148346166243172
9912 偉聯,2023,44.68145405737995
9912 偉聯,2024,31.342797469373195
9912 偉聯,2025,60.15789631584618
9914 美利達,2020,52.15111831045021
9914 美利達,2021,75.30320408098741
9914 美利達,2022,37.760537440822624
9914 美利達,2023,47.111878630801236
9914 美利達,2024,28.70094767129717
9914 美利達,2025,31.51972495404774
9917 中保科,2020,60.31898217745051
9917 中保科,2021,55.212007449207114
9917 中保科,2022,58.59287289517723
9917 中保科,2023,35.447162585537214
9917 中保科,2024,26.35072646070682
9917 中保科,2025,55.41394652034645
9918 欣天然,2020,76.09247298617187
9918 欣天然,2021,52.986897066938845
9918 欣天然,2022,32.15869183655129
9918 欣天然,2023,60.41952598951019
9918 欣天然,2024,37.057219355682044
9918 欣天然,2025,54.59456508047135
9919 康那香,2020,56.436524291504874
9919 康那香,2021,65.2394922719152
9919 康那香,2022,57.86273666548405
9919 康那香,2023,44.80747036032766
9919 康那香,2024,51.97222572453407
9919 康那香,2025,38.29003967845783
9921 巨大,2020,63.74500062114913
9921 巨大,2021,67.49039791399241
9921 巨大,2022,27.93990602296077
9921 巨大,2023,52.362738920932195
9921 巨大,2024,26.432871270613383
9921 巨大,2025,40.35008296546791
9924 福興,2020,49.66017101245398
9924 福興,2021,86.13059474552047
9924 福興,2022,31.679198838018056
9924 福興,2023,42.980474553792
9924 福興,2024,36.4762350367542
9924 福興,2025,41.09761645794521
9925 新保,2020,26.874025245441267
9925 新保,2021,63.733037058096585
9925 新保,2022,43.39848831020948
9925 新保,2023,39.36415248939381
9925 新保,2024,44.08320338890673
9925 新保,2025,54.0270471614674
9926 新海,2020,46.93430245010865
9926 新海,2021,70.23884445266506
9926 新海,2022,57.56169696837613
9926 新海,2023,70.32419933756559
9926 新海,2024,35.18807935759854
9926 新海,2025,44.67553377350353
9927 泰銘,2020,46.794477215035926
9927 泰銘,2021,36.88110456004749
9927 泰銘,2022,58.392879846102
9927 泰銘,2023,51.60713160946314
9927 泰銘,2024,46.094692587136706
9927 泰銘,2025,44.84589043036945
9928 中視,2020,38.520438230484295
9928 中視,2021,65.99751579607023
9928 中視,2022,14.967618703978413
9928 中視,2023,33.59274599792008
9928 中視,2024,21.263566803189814
9928 中視,2025,51.28350704059519
9929 秋雨,2020,25.787178481205654
9929 秋雨,2021,57.318918535775474
9929 秋雨,2022,64.49650758444831
9929 秋雨,2023,54.81028827579421
9929 秋雨,2024,35.031596709263866
9929 秋雨,2025,51.98891581372788
9930 中聯資源,2020,80.92940771063006
9930 中聯資源,2021,82.94131598070152
9930 中聯資源,2022,42.31468640960034
9930 中聯資源,2023,46.829545217595985
9930 中聯資源,2024,52.200055815829
9930 中聯資源,2025,44.85684432735059
9931 欣高,2020,75.38553981126599
9931 欣高,2021,52.82528491214751
9931 欣高,2022,71.96278737552285
9931 欣高,2023,62.053403280163685
9931 欣高,2024,49.96138441824508
9931 欣高,2025,48.34780064599353
9933 中鼎,2020,39.9857443407056
9933 中鼎,2021,73.30301789624622
9933 中鼎,2022,45.29419952332761
9933 中鼎,2023,37.53998864962
9933 中鼎,2024,15.453546597159825
9933 中鼎,2025,39.896416671608044
9934 成霖,2020,54.519021413933544
9934 成霖,2021,76.04240151307869
9934 成霖,2022,49.38546848198648
9934 成霖,2023,77.85034033039861
9934 成霖,2024,22.914176941856105
9934 成霖,2025,54.30235348916126
9935 慶豐富,2020,44.614236791480735
9935 慶豐富,2021,49.975000063358436
9935 慶豐富,2022,57.77413451148081
9935 慶豐富,2023,89.30848225560429
9935 慶豐富,2024,31.103606469766703
9935 慶豐富,2025,41.32831221409361
9937 全國,2020,40.52923069709394
9937 全國,2021,53.5203861082308
9937 全國,2022,43.33256056163732
9937 全國,2023,62.241129552701615
9937 全國,2024,36.956773250363916
9937 全國,2025,43.60755480028906
9938 百和,2020,61.91080228296483
9938 百和,2021,60.128183741655775
9938 百和,2022,52.31235087175463
9938 百和,2023,22.205038396489712
9938 百和,2024,25.422082431411248
9938 百和,2025,30.63853741531284
9939 宏全,2020,72.85159698585213
9939 宏全,2021,80.01751334164183
9939 宏全,2022,59.57015301546561
9939 宏全,2023,63.476575320404585
9939 宏全,2024,49.84826393438105
9939 宏全,2025,48.86233067836008
9940 信義,2020,52.17868272769552
9940 信義,2021,46.50547655834153
9940 信義,2022,33.20181096712792
9940 信義,2023,58.74795118040698
9940 信義,2024,45.061069652654865
9940 信義,2025,47.7966822388013
9941 裕融,2020,61.6386994739496
9941 裕融,2021,76.27639947704482
9941 裕融,2022,50.49676428128507
9941 裕融,2023,60.15592771443635
9941 裕融,2024,43.411212920297274
9941 裕融,2025,27.766087387039896
9942 茂順,2020,78.21550226235485
9942 茂順,2021,92.16502095151404
9942 茂順,2022,44.772774774788175
9942 茂順,2023,49.51890117514326
9942 茂順,2024,43.20545680179153
9942 茂順,2025,53.08656787555084
9943 好樂迪,2020,58.333006964708744
9943 好樂迪,2021,44.92396736933042
9943 好樂迪,2022,50.89858465727725
9943 好樂迪,2023,42.12465283676373
9943 好樂迪,2024,33.026960624434125
9943 好樂迪,2025,41.51331620766962
9944 新麗,2020,61.50414676071194
9944 新麗,2021,60.4563711771891
9944 新麗,2022,52.53983308718957
9944 新麗,2023,51.08996949995148
9944 新麗,2024,56.16410579737017
9944 新麗,2025,61.25381841786047
9945 潤泰新,2020,61.79552248671401
9945 潤泰新,2021,63.759644897420344
9945 潤泰新,2022,43.437618310411075
9945 潤泰新,2023,69.19105236593424
9945 潤泰新,2024,36.36254778702069
9945 潤泰新,2025,45.84525742437842
9946 三發地產,2020,44.76163499330534
9946 三發地產,2021,64.19250953209038
9946 三發地產,2022,47.53467115826812
9946 三發地產,2023,61.218401632909966
9946 三發地產,2024,38.240158643474764
9946 三發地產,2025,68.64595540458302
9949 琉園,2020,35.73821560679189
9950 萬國通,2020,51.82123095903196
9951 皇田,2020,62.871299090901914
9955 佳龍,2020,48.59608201263349
9955 佳龍,2021,60.8149101954463
9955 佳龍,2022,26.96106839778995
9955 佳龍,2023,49.357384178737426
9955 佳龍,2024,45.627547411633884
9955 佳龍,2025,48.78180293296357
9958 世紀鋼,2020,25.036065661640837
9958 世紀鋼,2021,44.44101486925672
9958 世紀鋼,2022,51.28612624660166
9958 世紀鋼,2023,51.2046872618511
9958 世紀鋼,2024,36.300773609532364
9958 世紀鋼,2025,47.46869157561638
9960 邁達康,2020,84.49883662967117
9962 有益,2020,64.70942776146839
